# PSIPRED VFORMAT (S4PRED V1.2.4)

   1 M C   1.000  0.000  0.000
   2 G C   1.000  0.000  0.000
   3 R C   0.995  0.003  0.002
   4 T C   0.987  0.006  0.007
   5 T C   0.958  0.037  0.005
   6 S C   0.929  0.068  0.003
   7 E C   0.937  0.061  0.002
   8 G C   0.935  0.062  0.003
   9 I C   0.920  0.071  0.009
  10 H C   0.908  0.078  0.014
  11 G C   0.894  0.090  0.016
  12 F C   0.891  0.089  0.020
  13 V C   0.872  0.118  0.010
  14 D C   0.880  0.115  0.005
  15 D C   0.911  0.085  0.004
  16 L C   0.969  0.027  0.004
  17 E C   0.985  0.010  0.006
  18 P C   0.970  0.023  0.007
  19 K C   0.945  0.051  0.004
  20 S C   0.915  0.075  0.009
  21 S C   0.861  0.119  0.020
  22 I C   0.527  0.443  0.030
  23 L C   0.547  0.420  0.033
  24 D C   0.580  0.389  0.031
  25 K C   0.651  0.317  0.031
  26 V C   0.697  0.277  0.026
  27 G C   0.756  0.233  0.012
  28 D C   0.736  0.244  0.021
  29 F C   0.597  0.238  0.165
  30 I C   0.552  0.212  0.237
  31 T C   0.611  0.178  0.211
  32 V C   0.694  0.149  0.157
  33 N C   0.811  0.105  0.084
  34 T C   0.892  0.068  0.040
  35 K C   0.910  0.058  0.031
  36 R C   0.912  0.055  0.033
  37 H C   0.939  0.035  0.026
  38 D C   0.970  0.018  0.012
  39 G C   0.986  0.011  0.003
  40 R C   0.974  0.022  0.004
  41 E C   0.956  0.038  0.006
  42 D C   0.949  0.045  0.005
  43 F C   0.895  0.099  0.005
  44 N C   0.865  0.132  0.003
  45 E C   0.814  0.184  0.002
  46 Q C   0.855  0.143  0.002
  47 N C   0.873  0.126  0.001
  48 D C   0.838  0.161  0.001
  49 E C   0.829  0.168  0.003
  50 L C   0.838  0.158  0.004
  51 N C   0.879  0.119  0.003
  52 S C   0.893  0.105  0.002
  53 Q C   0.904  0.093  0.002
  54 E C   0.913  0.085  0.002
  55 N C   0.932  0.066  0.002
  56 H C   0.949  0.050  0.002
  57 N C   0.968  0.031  0.002
  58 S C   0.974  0.025  0.001
  59 S C   0.974  0.025  0.001
  60 E C   0.978  0.022  0.000
  61 N C   0.982  0.018  0.000
  62 G C   0.984  0.016  0.000
  63 N C   0.988  0.012  0.000
  64 E C   0.983  0.016  0.001
  65 N C   0.981  0.018  0.000
  66 E C   0.940  0.059  0.001
  67 N C   0.909  0.091  0.001
  68 E C   0.856  0.142  0.002
  69 Q C   0.846  0.150  0.004
  70 D C   0.860  0.133  0.007
  71 S C   0.847  0.130  0.022
  72 L C   0.774  0.185  0.041
  73 A C   0.749  0.214  0.038
  74 L C   0.600  0.379  0.022
  75 D C   0.634  0.360  0.006
  76 D C   0.565  0.433  0.003
  77 L C   0.509  0.490  0.001
  78 D H   0.494  0.504  0.002
  79 R H   0.460  0.535  0.005
  80 A H   0.456  0.527  0.018
  81 F H   0.360  0.577  0.063
  82 E H   0.433  0.486  0.080
  83 L C   0.517  0.389  0.094
  84 V C   0.616  0.328  0.056
  85 E C   0.756  0.214  0.030
  86 G C   0.910  0.078  0.012
  87 M C   0.951  0.030  0.019
  88 D C   0.950  0.019  0.031
  89 M C   0.864  0.083  0.053
  90 D C   0.822  0.093  0.086
  91 W C   0.811  0.089  0.100
  92 M C   0.868  0.055  0.077
  93 M C   0.969  0.009  0.023
  94 P C   0.965  0.019  0.015
  95 S C   0.974  0.020  0.005
  96 H C   0.954  0.034  0.012
  97 A C   0.949  0.035  0.015
  98 H C   0.965  0.017  0.018
  99 H C   0.983  0.004  0.013
 100 S C   0.996  0.001  0.003
 101 P C   0.971  0.027  0.002
 102 A C   0.971  0.027  0.003
 103 T C   0.957  0.029  0.014
 104 T C   0.939  0.032  0.029
 105 A C   0.941  0.023  0.036
 106 T C   0.929  0.015  0.056
 107 I C   0.937  0.008  0.055
 108 K C   0.974  0.007  0.019
 109 P C   0.928  0.057  0.014
 110 R C   0.804  0.080  0.116
 111 L C   0.748  0.086  0.166
 112 L C   0.783  0.049  0.168
 113 Y C   0.873  0.012  0.116
 114 S C   0.966  0.006  0.028
 115 P C   0.973  0.014  0.012
 116 L C   0.950  0.017  0.033
 117 I C   0.904  0.018  0.078
 118 H C   0.906  0.013  0.081
 119 T C   0.923  0.008  0.069
 120 Q C   0.947  0.008  0.045
 121 S C   0.952  0.006  0.042
 122 A C   0.938  0.003  0.059
 123 V C   0.929  0.001  0.070
 124 P C   0.913  0.001  0.086
 125 V C   0.885  0.003  0.112
 126 T C   0.850  0.003  0.147
 127 I C   0.843  0.002  0.155
 128 S C   0.985  0.001  0.014
 129 P C   0.920  0.076  0.004
 130 N C   0.918  0.070  0.011
 131 L C   0.838  0.092  0.070
 132 V C   0.820  0.063  0.116
 133 A C   0.855  0.046  0.098
 134 T C   0.878  0.031  0.091
 135 A C   0.903  0.022  0.075
 136 T C   0.924  0.015  0.061
 137 S C   0.942  0.013  0.045
 138 T C   0.944  0.021  0.035
 139 T C   0.954  0.027  0.019
 140 S C   0.947  0.038  0.015
 141 A C   0.941  0.050  0.009
 142 N C   0.939  0.053  0.008
 143 K C   0.901  0.079  0.019
 144 V C   0.891  0.082  0.028
 145 T C   0.910  0.059  0.030
 146 K C   0.950  0.026  0.024
 147 N C   0.974  0.014  0.012
 148 K C   0.973  0.017  0.010
 149 S C   0.975  0.016  0.008
 150 N C   0.982  0.012  0.007
 151 S C   0.992  0.002  0.006
 152 S C   0.983  0.013  0.004
 153 P C   0.938  0.059  0.003
 154 Y C   0.930  0.062  0.009
 155 L C   0.883  0.104  0.013
 156 N C   0.885  0.102  0.013
 157 K C   0.916  0.072  0.012
 158 R C   0.948  0.042  0.011
 159 R C   0.983  0.010  0.007
 160 G C   0.993  0.000  0.007
 161 K C   0.988  0.000  0.012
 162 P C   0.992  0.000  0.008
 163 G C   0.999  0.000  0.001
 164 P C   0.994  0.006  0.000
 165 D C   0.990  0.010  0.000
 166 S C   0.965  0.033  0.002
 167 A C   0.929  0.065  0.006
 168 T C   0.908  0.077  0.015
 169 S C   0.867  0.106  0.027
 170 L C   0.807  0.159  0.033
 171 F C   0.794  0.141  0.066
 172 E C   0.866  0.066  0.068
 173 L C   0.990  0.002  0.009
 174 P C   0.990  0.007  0.002
 175 D C   0.945  0.054  0.001
 176 S C   0.935  0.052  0.013
 177 V C   0.938  0.040  0.022
 178 I C   0.969  0.001  0.030
 179 P C   0.984  0.000  0.015
 180 T C   0.997  0.000  0.003
 181 P C   0.999  0.000  0.001
 182 K C   1.000  0.000  0.000
 183 P C   1.000  0.000  0.000
 184 K C   0.999  0.000  0.001
 185 P C   0.999  0.000  0.001
 186 K C   1.000  0.000  0.000
 187 P C   0.987  0.013  0.000
 188 K C   0.975  0.023  0.002
 189 Q C   0.975  0.021  0.004
 190 Y C   0.996  0.001  0.003
 191 P C   0.997  0.001  0.002
 192 K C   0.891  0.003  0.106
 193 V C   0.765  0.004  0.231
 194 I C   0.762  0.002  0.235
 195 L C   0.928  0.000  0.072
 196 P C   0.979  0.002  0.020
 197 S C   0.991  0.005  0.003
 198 N C   0.987  0.011  0.002
 199 S C   0.980  0.012  0.008
 200 T C   0.949  0.006  0.045
 201 R C   0.915  0.003  0.082
 202 R C   0.885  0.002  0.113
 203 V C   0.873  0.001  0.126
 204 S C   0.926  0.001  0.073
 205 P C   0.969  0.008  0.023
 206 V C   0.959  0.009  0.032
 207 T C   0.924  0.010  0.066
 208 A C   0.932  0.013  0.055
 209 K C   0.945  0.009  0.047
 210 T C   0.958  0.006  0.036
 211 S C   0.964  0.004  0.032
 212 S C   0.968  0.005  0.028
 213 S C   0.976  0.008  0.017
 214 A C   0.960  0.014  0.025
 215 E C   0.949  0.014  0.037
 216 G C   0.929  0.010  0.061
 217 V C   0.831  0.008  0.161
 218 V C   0.766  0.009  0.224
 219 V C   0.763  0.010  0.227
 220 A C   0.864  0.010  0.126
 221 S C   0.918  0.006  0.076
 222 E C   0.970  0.003  0.027
 223 S C   0.989  0.000  0.011
 224 P C   0.989  0.002  0.009
 225 V C   0.904  0.002  0.094
 226 I C   0.908  0.002  0.090
 227 A C   0.968  0.002  0.030
 228 P C   0.992  0.002  0.006
 229 H C   0.996  0.002  0.001
 230 G C   0.993  0.004  0.003
 231 S C   0.985  0.009  0.006
 232 S C   0.968  0.020  0.012
 233 H C   0.966  0.022  0.012
 234 S C   0.963  0.022  0.015
 235 R C   0.949  0.028  0.023
 236 S C   0.949  0.028  0.023
 237 L C   0.949  0.033  0.018
 238 S C   0.957  0.027  0.016
 239 K C   0.957  0.021  0.022
 240 R C   0.961  0.016  0.023
 241 R C   0.964  0.018  0.018
 242 S C   0.971  0.017  0.012
 243 S C   0.974  0.014  0.011
 244 G C   0.977  0.010  0.013
 245 A C   0.971  0.012  0.018
 246 L C   0.959  0.013  0.028
 247 V C   0.964  0.015  0.021
 248 D C   0.966  0.028  0.007
 249 D C   0.907  0.092  0.001
 250 D C   0.869  0.130  0.000
 251 K C   0.798  0.202  0.001
 252 R C   0.755  0.244  0.001
 253 E C   0.656  0.342  0.003
 254 S C   0.609  0.389  0.002
 255 H H   0.442  0.558  0.001
 256 K H   0.412  0.588  0.001
 257 H H   0.363  0.636  0.000
 258 A H   0.196  0.804  0.000
 259 E H   0.170  0.830  0.000
 260 Q H   0.072  0.928  0.000
 261 A H   0.072  0.928  0.000
 262 R H   0.078  0.922  0.000
 263 R H   0.088  0.912  0.000
 264 N H   0.129  0.871  0.000
 265 R H   0.067  0.933  0.000
 266 L H   0.028  0.971  0.002
 267 A H   0.024  0.974  0.002
 268 V H   0.021  0.977  0.002
 269 A H   0.022  0.977  0.002
 270 L H   0.011  0.989  0.000
 271 H H   0.014  0.986  0.000
 272 E H   0.020  0.980  0.000
 273 L H   0.021  0.979  0.000
 274 A H   0.037  0.963  0.000
 275 S H   0.195  0.805  0.000
 276 L C   0.553  0.446  0.001
 277 I C   0.956  0.044  0.000
 278 P C   0.894  0.106  0.001
 279 A H   0.181  0.818  0.001
 280 E H   0.162  0.835  0.003
 281 W H   0.128  0.869  0.004
 282 K H   0.243  0.751  0.006
 283 Q H   0.429  0.565  0.006
 284 Q C   0.787  0.207  0.006
 285 N C   0.868  0.124  0.009
 286 V C   0.881  0.103  0.016
 287 S C   0.893  0.087  0.021
 288 A C   0.918  0.065  0.017
 289 A C   0.970  0.027  0.003
 290 P C   0.898  0.100  0.002
 291 S C   0.870  0.128  0.002
 292 K C   0.579  0.414  0.007
 293 A C   0.574  0.416  0.010
 294 T H   0.445  0.540  0.014
 295 T H   0.298  0.694  0.008
 296 V H   0.052  0.944  0.003
 297 E H   0.039  0.959  0.002
 298 A H   0.032  0.966  0.002
 299 A H   0.034  0.964  0.002
 300 C H   0.042  0.957  0.001
 301 R H   0.029  0.970  0.001
 302 Y H   0.027  0.971  0.002
 303 I H   0.038  0.961  0.002
 304 R H   0.045  0.953  0.002
 305 H H   0.063  0.936  0.001
 306 L H   0.128  0.871  0.001
 307 Q H   0.182  0.817  0.001
 308 Q H   0.240  0.759  0.001
 309 N H   0.295  0.705  0.000
 310 V C   0.750  0.250  0.000
 311 S C   0.990  0.010  0.000
 312 T C   0.993  0.006  0.000
