# PSIPRED VFORMAT (S4PRED V1.2.4)

   1 M C   1.000  0.000  0.000
   2 N C   1.000  0.000  0.000
   3 K C   0.990  0.010  0.000
   4 S C   0.977  0.023  0.000
   5 H C   0.968  0.031  0.001
   6 D C   0.971  0.029  0.001
   7 L C   0.957  0.043  0.000
   8 D C   0.959  0.041  0.000
   9 D C   0.949  0.051  0.000
  10 E C   0.963  0.037  0.000
  11 L C   0.981  0.019  0.001
  12 K C   0.983  0.016  0.001
  13 P C   0.968  0.031  0.001
  14 S C   0.963  0.037  0.000
  15 K C   0.761  0.238  0.001
  16 S C   0.713  0.285  0.002
  17 I H   0.324  0.674  0.002
  18 L H   0.350  0.647  0.002
  19 D H   0.365  0.633  0.001
  20 Q H   0.387  0.612  0.001
  21 V H   0.348  0.651  0.001
  22 D H   0.310  0.689  0.001
  23 E H   0.287  0.710  0.002
  24 Y H   0.295  0.703  0.003
  25 L H   0.399  0.599  0.002
  26 N C   0.601  0.398  0.001
  27 D C   0.769  0.231  0.000
  28 A C   0.720  0.280  0.000
  29 D C   0.682  0.317  0.000
  30 N C   0.696  0.303  0.000
  31 F C   0.706  0.293  0.001
  32 K C   0.676  0.322  0.001
  33 D C   0.692  0.307  0.001
  34 N C   0.701  0.297  0.002
  35 I C   0.772  0.222  0.006
  36 Q C   0.734  0.254  0.012
  37 S C   0.704  0.284  0.012
  38 E C   0.767  0.220  0.014
  39 H C   0.833  0.148  0.020
  40 I C   0.909  0.072  0.019
  41 D C   0.910  0.071  0.019
  42 W C   0.796  0.191  0.012
  43 S C   0.782  0.213  0.005
  44 K C   0.821  0.176  0.003
  45 D C   0.946  0.053  0.001
  46 K C   0.851  0.146  0.002
  47 S C   0.790  0.203  0.007
  48 Y C   0.700  0.278  0.022
  49 Q C   0.715  0.259  0.026
  50 Q C   0.752  0.225  0.023
  51 A C   0.787  0.200  0.013
  52 S C   0.808  0.186  0.006
  53 G C   0.758  0.238  0.004
  54 D C   0.746  0.251  0.002
  55 L C   0.604  0.390  0.005
  56 F C   0.563  0.426  0.012
  57 E H   0.462  0.524  0.014
  58 S C   0.511  0.474  0.015
  59 L C   0.555  0.430  0.016
  60 F C   0.671  0.308  0.021
  61 T C   0.806  0.171  0.022
  62 H C   0.838  0.136  0.026
  63 Q C   0.838  0.143  0.020
  64 A C   0.868  0.124  0.008
  65 A C   0.911  0.085  0.004
  66 G C   0.948  0.049  0.003
  67 N C   0.947  0.048  0.004
  68 S C   0.945  0.046  0.008
  69 L C   0.944  0.044  0.012
  70 S C   0.963  0.027  0.010
  71 G C   0.986  0.008  0.007
  72 G C   0.984  0.006  0.010
  73 R C   0.969  0.005  0.026
  74 V C   0.963  0.005  0.032
  75 S C   0.970  0.005  0.025
  76 S C   0.932  0.056  0.012
  77 K C   0.927  0.067  0.007
  78 D C   0.916  0.078  0.006
  79 T C   0.923  0.063  0.014
  80 Q C   0.894  0.074  0.032
  81 Q C   0.874  0.079  0.047
  82 I C   0.850  0.095  0.055
  83 H C   0.867  0.099  0.034
  84 D C   0.885  0.095  0.020
  85 T C   0.937  0.050  0.013
  86 D C   0.949  0.034  0.017
  87 V C   0.941  0.024  0.035
  88 W C   0.942  0.008  0.050
  89 K C   0.964  0.005  0.031
  90 P C   0.822  0.140  0.038
  91 R C   0.661  0.294  0.045
  92 E C   0.620  0.320  0.060
  93 V C   0.599  0.322  0.078
  94 Y C   0.655  0.261  0.084
  95 E C   0.772  0.176  0.051
  96 Q C   0.837  0.136  0.027
  97 T C   0.869  0.105  0.026
  98 S C   0.844  0.107  0.049
  99 A C   0.783  0.122  0.095
 100 V C   0.743  0.119  0.138
 101 L C   0.742  0.106  0.153
 102 Y C   0.820  0.046  0.134
 103 S C   0.976  0.003  0.021
 104 P C   0.976  0.018  0.006
 105 K C   0.971  0.016  0.013
 106 L C   0.975  0.011  0.014
 107 S C   0.980  0.011  0.009
 108 P C   0.948  0.044  0.008
 109 S C   0.942  0.045  0.013
 110 I C   0.936  0.049  0.015
 111 D C   0.949  0.042  0.009
 112 N C   0.954  0.044  0.002
 113 N C   0.959  0.038  0.003
 114 A C   0.941  0.049  0.011
 115 M C   0.942  0.040  0.018
 116 H C   0.967  0.016  0.018
 117 G C   0.983  0.005  0.012
 118 T C   0.991  0.004  0.005
 119 D C   0.994  0.004  0.002
 120 D C   0.995  0.004  0.001
 121 T C   0.985  0.013  0.002
 122 P C   0.937  0.059  0.005
 123 F C   0.925  0.053  0.022
 124 L C   0.887  0.065  0.048
 125 H C   0.886  0.068  0.046
 126 A C   0.829  0.136  0.035
 127 S C   0.821  0.149  0.030
 128 S C   0.796  0.168  0.036
 129 Y C   0.795  0.161  0.044
 130 L C   0.892  0.081  0.027
 131 N C   0.939  0.057  0.004
 132 D C   0.794  0.205  0.001
 133 D C   0.721  0.275  0.004
 134 I C   0.620  0.360  0.020
 135 A C   0.598  0.378  0.024
 136 M C   0.604  0.371  0.024
 137 Q C   0.669  0.318  0.014
 138 A C   0.921  0.073  0.007
 139 G C   0.987  0.008  0.005
 140 L C   0.997  0.001  0.002
 141 P C   0.990  0.008  0.002
 142 E C   0.792  0.197  0.010
 143 S C   0.761  0.210  0.029
 144 V C   0.693  0.238  0.069
 145 I C   0.856  0.080  0.063
 146 D C   0.952  0.021  0.027
 147 G C   0.976  0.019  0.006
 148 S C   0.977  0.020  0.003
 149 G C   0.966  0.030  0.004
 150 V C   0.955  0.033  0.012
 151 E C   0.948  0.032  0.020
 152 K C   0.950  0.031  0.018
 153 S C   0.963  0.025  0.012
 154 K C   0.949  0.039  0.011
 155 S C   0.961  0.032  0.007
 156 S C   0.968  0.025  0.007
 157 Q C   0.981  0.012  0.007
 158 N C   0.990  0.004  0.006
 159 T C   0.985  0.006  0.009
 160 P C   0.973  0.019  0.009
 161 Y C   0.958  0.018  0.024
 162 M C   0.918  0.034  0.047
 163 G C   0.904  0.044  0.051
 164 T C   0.896  0.042  0.062
 165 M C   0.923  0.038  0.039
 166 N C   0.966  0.021  0.012
 167 G C   0.978  0.019  0.003
 168 N C   0.976  0.017  0.007
 169 S C   0.941  0.047  0.012
 170 R C   0.909  0.068  0.023
 171 V C   0.898  0.071  0.031
 172 S C   0.916  0.059  0.025
 173 N C   0.898  0.087  0.015
 174 S C   0.893  0.091  0.016
 175 L C   0.894  0.075  0.030
 176 R C   0.911  0.050  0.039
 177 K C   0.929  0.035  0.036
 178 T C   0.958  0.017  0.026
 179 K C   0.966  0.011  0.023
 180 S C   0.977  0.012  0.011
 181 S C   0.980  0.010  0.010
 182 N C   0.978  0.011  0.011
 183 Y C   0.973  0.008  0.019
 184 D C   0.966  0.007  0.028
 185 F C   0.972  0.006  0.021
 186 S C   0.972  0.018  0.010
 187 P C   0.964  0.027  0.009
 188 L C   0.978  0.018  0.004
 189 T C   0.984  0.007  0.009
 190 S C   0.986  0.010  0.004
 191 P C   0.955  0.042  0.003
 192 A C   0.893  0.056  0.051
 193 L C   0.844  0.057  0.100
 194 I C   0.821  0.041  0.138
 195 S C   0.844  0.019  0.137
 196 I C   0.889  0.015  0.096
 197 E C   0.955  0.008  0.037
 198 D C   0.991  0.005  0.005
 199 P C   0.837  0.162  0.001
 200 G C   0.845  0.147  0.008
 201 Q C   0.793  0.167  0.040
 202 F C   0.727  0.124  0.149
 203 L C   0.721  0.081  0.198
 204 V C   0.751  0.066  0.183
 205 T C   0.824  0.045  0.131
 206 Q C   0.864  0.056  0.079
 207 S C   0.890  0.064  0.045
 208 S C   0.858  0.073  0.069
 209 I C   0.863  0.062  0.075
 210 S C   0.917  0.040  0.043
 211 G C   0.975  0.016  0.009
 212 G C   0.982  0.015  0.003
 213 N C   0.973  0.022  0.006
 214 N C   0.955  0.035  0.011
 215 T C   0.916  0.044  0.040
 216 R C   0.870  0.053  0.077
 217 L C   0.872  0.061  0.067
 218 S C   0.877  0.052  0.071
 219 N C   0.885  0.049  0.066
 220 I C   0.879  0.046  0.075
 221 S C   0.876  0.042  0.082
 222 T C   0.909  0.033  0.057
 223 R C   0.945  0.020  0.034
 224 G C   0.959  0.016  0.025
 225 K C   0.950  0.013  0.037
 226 V C   0.959  0.009  0.032
 227 G C   0.975  0.006  0.019
 228 K C   0.973  0.009  0.018
 229 K C   0.966  0.018  0.017
 230 D C   0.957  0.025  0.018
 231 S C   0.958  0.023  0.019
 232 V C   0.964  0.017  0.019
 233 S C   0.959  0.022  0.019
 234 S C   0.947  0.034  0.019
 235 T C   0.929  0.055  0.017
 236 S C   0.902  0.076  0.022
 237 K C   0.853  0.107  0.041
 238 I C   0.833  0.119  0.049
 239 A C   0.852  0.104  0.044
 240 K C   0.895  0.074  0.031
 241 H C   0.960  0.024  0.016
 242 S C   0.984  0.009  0.007
 243 P C   0.948  0.048  0.004
 244 Y C   0.931  0.051  0.018
 245 L C   0.895  0.073  0.032
 246 S C   0.906  0.065  0.029
 247 T C   0.933  0.037  0.030
 248 R C   0.954  0.020  0.026
 249 K C   0.956  0.017  0.027
 250 T C   0.951  0.020  0.029
 251 N C   0.950  0.021  0.029
 252 Y C   0.940  0.044  0.016
 253 S C   0.918  0.071  0.010
 254 D C   0.834  0.159  0.007
 255 S C   0.862  0.132  0.006
 256 L C   0.875  0.115  0.010
 257 K C   0.925  0.058  0.017
 258 G C   0.930  0.045  0.025
 259 Q C   0.874  0.057  0.068
 260 A C   0.788  0.086  0.126
 261 V C   0.733  0.115  0.152
 262 Y C   0.720  0.141  0.139
 263 D C   0.728  0.134  0.138
 264 I C   0.797  0.151  0.052
 265 S C   0.814  0.163  0.023
 266 K C   0.842  0.149  0.009
 267 S C   0.887  0.109  0.004
 268 A C   0.944  0.052  0.004
 269 G C   0.973  0.021  0.006
 270 S C   0.961  0.030  0.010
 271 S C   0.961  0.025  0.013
 272 H C   0.961  0.019  0.020
 273 I C   0.969  0.007  0.024
 274 G C   0.978  0.002  0.020
 275 T C   0.983  0.010  0.007
 276 P C   0.943  0.052  0.005
 277 T C   0.889  0.093  0.018
 278 A C   0.816  0.148  0.036
 279 L C   0.793  0.162  0.045
 280 Q C   0.804  0.128  0.068
 281 K C   0.830  0.102  0.069
 282 V C   0.895  0.073  0.032
 283 S C   0.956  0.033  0.012
 284 S C   0.963  0.033  0.004
 285 E C   0.939  0.058  0.003
 286 S C   0.928  0.069  0.003
 287 S C   0.931  0.066  0.003
 288 K C   0.948  0.047  0.005
 289 S C   0.951  0.043  0.006
 290 N C   0.939  0.054  0.007
 291 L C   0.810  0.180  0.010
 292 D C   0.788  0.202  0.011
 293 D C   0.796  0.189  0.015
 294 I C   0.872  0.106  0.022
 295 G C   0.902  0.054  0.044
 296 F C   0.885  0.043  0.072
 297 Q C   0.926  0.016  0.058
 298 L C   0.988  0.004  0.008
 299 P C   0.979  0.018  0.003
 300 E C   0.895  0.103  0.002
 301 S C   0.831  0.163  0.006
 302 S C   0.811  0.175  0.013
 303 F C   0.823  0.148  0.029
 304 V C   0.913  0.047  0.040
 305 N C   0.938  0.037  0.025
 306 K C   0.894  0.082  0.024
 307 A C   0.882  0.091  0.028
 308 N C   0.858  0.083  0.059
 309 I C   0.811  0.088  0.100
 310 D C   0.810  0.090  0.100
 311 V C   0.778  0.110  0.113
 312 A C   0.794  0.102  0.104
 313 V C   0.813  0.112  0.076
 314 D C   0.860  0.095  0.045
 315 N C   0.906  0.074  0.020
 316 F C   0.947  0.042  0.011
 317 D C   0.940  0.056  0.005
 318 D C   0.922  0.074  0.003
 319 H C   0.941  0.052  0.007
 320 S C   0.889  0.072  0.039
 321 I C   0.795  0.123  0.082
 322 S C   0.775  0.135  0.090
 323 V C   0.713  0.186  0.101
 324 A C   0.753  0.151  0.096
 325 M C   0.806  0.124  0.070
 326 N C   0.856  0.096  0.047
 327 A C   0.915  0.064  0.021
 328 T C   0.932  0.047  0.021
 329 S C   0.944  0.038  0.018
 330 K C   0.950  0.039  0.011
 331 S C   0.965  0.029  0.005
 332 Q C   0.954  0.041  0.004
 333 D C   0.953  0.046  0.002
 334 G C   0.953  0.046  0.001
 335 Y C   0.925  0.072  0.003
 336 N C   0.918  0.077  0.006
 337 N C   0.904  0.091  0.005
 338 A C   0.907  0.084  0.009
 339 L C   0.907  0.078  0.015
 340 N C   0.944  0.040  0.016
 341 Y C   0.984  0.005  0.011
 342 P C   0.968  0.019  0.013
 343 K C   0.765  0.028  0.207
 344 V C   0.733  0.025  0.242
 345 V C   0.749  0.015  0.236
 346 L C   0.935  0.002  0.063
 347 P C   0.971  0.009  0.020
 348 S C   0.977  0.019  0.004
 349 N C   0.978  0.020  0.002
 350 K C   0.974  0.024  0.002
 351 K C   0.981  0.015  0.003
 352 N C   0.990  0.008  0.003
 353 S C   0.996  0.002  0.001
 354 G C   0.996  0.002  0.001
 355 S C   0.983  0.017  0.001
 356 S C   0.806  0.192  0.001
 357 E C   0.779  0.218  0.002
 358 Q C   0.831  0.165  0.004
 359 Q C   0.831  0.162  0.007
 360 E C   0.809  0.182  0.010
 361 A C   0.806  0.187  0.007
 362 M C   0.841  0.155  0.004
 363 D C   0.839  0.160  0.002
 364 D C   0.885  0.114  0.001
 365 N C   0.912  0.087  0.001
 366 I C   0.904  0.092  0.004
 367 K C   0.910  0.085  0.005
 368 E C   0.938  0.057  0.005
 369 G C   0.970  0.026  0.004
 370 S C   0.981  0.016  0.003
 371 H C   0.989  0.009  0.003
 372 D C   0.994  0.004  0.002
 373 G C   0.990  0.009  0.001
 374 P C   0.957  0.042  0.001
 375 Q C   0.958  0.039  0.003
 376 D C   0.955  0.041  0.005
 377 T C   0.931  0.060  0.009
 378 N C   0.907  0.067  0.026
 379 I C   0.783  0.163  0.054
 380 R C   0.736  0.180  0.084
 381 T C   0.690  0.182  0.128
 382 R C   0.656  0.161  0.183
 383 I C   0.546  0.157  0.296
 384 L C   0.589  0.113  0.299
 385 F C   0.675  0.089  0.235
 386 A C   0.855  0.052  0.093
 387 N C   0.945  0.027  0.028
 388 E C   0.983  0.009  0.008
 389 S C   0.994  0.002  0.004
 390 P C   0.984  0.010  0.005
 391 V C   0.980  0.008  0.012
 392 I C   0.981  0.005  0.013
 393 Q C   0.988  0.003  0.009
 394 P C   0.993  0.003  0.004
 395 R C   0.997  0.003  0.001
 396 R C   0.985  0.015  0.000
 397 P C   0.852  0.148  0.000
 398 S C   0.837  0.158  0.005
 399 I C   0.724  0.260  0.016
 400 R C   0.721  0.248  0.031
 401 R C   0.717  0.244  0.038
 402 L C   0.720  0.246  0.034
 403 S C   0.720  0.247  0.033
 404 K C   0.709  0.265  0.027
 405 R C   0.748  0.226  0.026
 406 Y C   0.780  0.181  0.040
 407 E C   0.848  0.129  0.023
 408 S C   0.896  0.091  0.013
 409 A C   0.781  0.214  0.005
 410 S C   0.765  0.232  0.003
 411 D C   0.776  0.223  0.002
 412 L C   0.812  0.187  0.001
 413 G C   0.862  0.135  0.002
 414 S C   0.858  0.140  0.002
 415 I C   0.824  0.173  0.003
 416 R C   0.833  0.163  0.004
 417 E C   0.698  0.297  0.005
 418 S C   0.689  0.308  0.003
 419 E C   0.633  0.364  0.003
 420 Q C   0.643  0.355  0.002
 421 Q C   0.679  0.319  0.002
 422 N C   0.760  0.239  0.001
 423 N C   0.830  0.168  0.002
 424 L C   0.823  0.166  0.010
 425 K C   0.865  0.120  0.015
 426 H C   0.903  0.080  0.017
 427 G C   0.925  0.035  0.039
 428 I C   0.885  0.036  0.079
 429 D C   0.868  0.034  0.098
 430 V C   0.900  0.044  0.056
 431 G C   0.923  0.049  0.029
 432 S C   0.927  0.055  0.017
 433 S C   0.917  0.059  0.024
 434 Y C   0.919  0.057  0.024
 435 D C   0.927  0.059  0.014
 436 S C   0.926  0.070  0.004
 437 G C   0.929  0.064  0.007
 438 T C   0.895  0.089  0.016
 439 M C   0.888  0.090  0.021
 440 H C   0.873  0.089  0.039
 441 K C   0.843  0.101  0.056
 442 T C   0.837  0.108  0.055
 443 I C   0.810  0.133  0.057
 444 S C   0.866  0.108  0.026
 445 N C   0.913  0.078  0.009
 446 D C   0.907  0.088  0.005
 447 Y C   0.865  0.129  0.005
 448 S C   0.825  0.169  0.006
 449 H C   0.791  0.204  0.005
 450 S C   0.760  0.237  0.003
 451 R C   0.630  0.368  0.002
 452 D C   0.564  0.434  0.002
 453 K H   0.466  0.531  0.003
 454 Y H   0.437  0.559  0.004
 455 M C   0.512  0.484  0.004
 456 K H   0.456  0.541  0.004
 457 K H   0.342  0.653  0.005
 458 E H   0.276  0.720  0.005
 459 V H   0.211  0.786  0.003
 460 H H   0.239  0.761  0.001
 461 K H   0.194  0.805  0.000
 462 A H   0.132  0.868  0.000
 463 A H   0.113  0.887  0.000
 464 E H   0.094  0.906  0.000
 465 Q H   0.054  0.946  0.000
 466 E H   0.058  0.942  0.000
 467 R H   0.053  0.947  0.000
 468 R H   0.069  0.931  0.000
 469 N H   0.100  0.900  0.000
 470 R H   0.094  0.906  0.000
 471 L H   0.101  0.899  0.000
 472 N H   0.131  0.869  0.000
 473 N H   0.108  0.892  0.000
 474 A H   0.098  0.902  0.000
 475 L H   0.136  0.864  0.000
 476 N H   0.158  0.842  0.000
 477 D H   0.217  0.783  0.000
 478 L H   0.151  0.849  0.000
 479 S H   0.170  0.829  0.000
 480 S H   0.324  0.676  0.000
 481 L C   0.580  0.419  0.000
 482 L C   0.971  0.029  0.000
 483 P C   0.896  0.104  0.000
 484 Q H   0.433  0.563  0.003
 485 E H   0.372  0.604  0.024
 486 W H   0.295  0.667  0.037
 487 K H   0.361  0.569  0.070
 488 A H   0.448  0.465  0.087
 489 E C   0.504  0.393  0.103
 490 I C   0.635  0.243  0.123
 491 A C   0.748  0.138  0.114
 492 V C   0.826  0.106  0.069
 493 P C   0.808  0.156  0.036
 494 S C   0.667  0.331  0.002
 495 K H   0.460  0.534  0.007
 496 A H   0.480  0.501  0.019
 497 I H   0.473  0.484  0.043
 498 T H   0.462  0.505  0.032
 499 A H   0.109  0.873  0.018
 500 E H   0.084  0.903  0.012
 501 L H   0.118  0.872  0.010
 502 G H   0.177  0.820  0.003
 503 C H   0.135  0.863  0.002
 504 R H   0.050  0.947  0.003
 505 Y H   0.041  0.957  0.003
 506 I H   0.015  0.984  0.001
 507 R H   0.011  0.988  0.000
 508 D H   0.013  0.987  0.000
 509 L H   0.015  0.985  0.000
 510 L H   0.013  0.987  0.000
 511 K H   0.016  0.984  0.000
 512 E H   0.026  0.974  0.000
 513 I H   0.045  0.954  0.001
 514 E H   0.083  0.917  0.001
 515 N H   0.226  0.773  0.001
 516 L H   0.219  0.780  0.001
 517 K H   0.269  0.729  0.002
 518 A H   0.362  0.636  0.002
 519 S H   0.489  0.507  0.004
 520 R C   0.522  0.470  0.007
 521 T H   0.455  0.534  0.010
 522 E H   0.427  0.546  0.027
