# PSIPRED VFORMAT (S4PRED V1.2.4)

   1 M C   1.000  0.000  0.000
   2 G C   1.000  0.000  0.000
   3 R C   0.995  0.003  0.002
   4 T C   0.987  0.005  0.007
   5 T C   0.960  0.035  0.005
   6 S C   0.933  0.064  0.003
   7 E C   0.939  0.058  0.002
   8 G C   0.938  0.059  0.003
   9 I C   0.923  0.068  0.009
  10 H C   0.911  0.075  0.014
  11 G C   0.896  0.087  0.016
  12 F C   0.893  0.086  0.021
  13 V C   0.875  0.114  0.011
  14 D C   0.883  0.112  0.005
  15 D C   0.914  0.082  0.004
  16 L C   0.970  0.026  0.004
  17 E C   0.985  0.009  0.006
  18 P C   0.970  0.022  0.007
  19 K C   0.946  0.050  0.004
  20 S C   0.919  0.073  0.009
  21 S C   0.866  0.115  0.019
  22 I C   0.518  0.453  0.029
  23 L C   0.538  0.431  0.032
  24 D C   0.573  0.399  0.028
  25 K C   0.645  0.326  0.028
  26 V C   0.685  0.292  0.024
  27 G C   0.748  0.242  0.010
  28 D C   0.731  0.250  0.019
  29 F C   0.595  0.237  0.169
  30 I C   0.562  0.199  0.239
  31 T C   0.612  0.166  0.222
  32 V C   0.699  0.137  0.164
  33 N C   0.822  0.103  0.075
  34 T C   0.887  0.085  0.028
  35 K C   0.891  0.090  0.019
  36 R C   0.889  0.090  0.021
  37 H C   0.883  0.104  0.013
  38 D C   0.898  0.094  0.008
  39 E C   0.878  0.117  0.006
  40 R C   0.893  0.099  0.008
  41 E C   0.864  0.126  0.010
  42 D C   0.870  0.125  0.005
  43 L C   0.898  0.101  0.001
  44 N C   0.944  0.056  0.000
  45 G C   0.947  0.053  0.000
  46 Q C   0.959  0.040  0.001
  47 N C   0.940  0.058  0.001
  48 D C   0.876  0.123  0.001
  49 E C   0.843  0.155  0.002
  50 L C   0.837  0.161  0.002
  51 N C   0.865  0.134  0.001
  52 N C   0.900  0.099  0.001
  53 Q C   0.903  0.095  0.002
  54 E C   0.902  0.095  0.003
  55 N C   0.914  0.084  0.002
  56 R C   0.947  0.052  0.001
  57 N C   0.971  0.029  0.001
  58 G C   0.976  0.023  0.000
  59 S C   0.982  0.018  0.000
  60 E C   0.985  0.014  0.000
  61 N C   0.987  0.012  0.000
  62 G C   0.986  0.013  0.000
  63 N C   0.987  0.013  0.000
  64 E C   0.979  0.021  0.000
  65 N C   0.978  0.022  0.000
  66 E C   0.935  0.064  0.001
  67 N C   0.900  0.099  0.001
  68 E C   0.857  0.142  0.002
  69 Q C   0.849  0.147  0.004
  70 D C   0.865  0.129  0.007
  71 S C   0.851  0.128  0.022
  72 L C   0.771  0.189  0.041
  73 A C   0.745  0.217  0.038
  74 L C   0.595  0.383  0.023
  75 D C   0.621  0.373  0.006
  76 D C   0.552  0.445  0.003
  77 L H   0.487  0.512  0.001
  78 D H   0.463  0.536  0.001
  79 R H   0.426  0.570  0.005
  80 A H   0.415  0.567  0.017
  81 F H   0.332  0.606  0.062
  82 E H   0.403  0.516  0.081
  83 L C   0.494  0.401  0.105
  84 V C   0.572  0.353  0.075
  85 E C   0.708  0.245  0.047
  86 G C   0.894  0.079  0.027
  87 I C   0.927  0.028  0.045
  88 D C   0.924  0.020  0.056
  89 M C   0.826  0.105  0.069
  90 D C   0.781  0.119  0.099
  91 W C   0.773  0.116  0.111
  92 M C   0.852  0.066  0.082
  93 M C   0.971  0.009  0.021
  94 P C   0.967  0.020  0.013
  95 S C   0.974  0.021  0.005
  96 H C   0.952  0.036  0.012
  97 A C   0.947  0.036  0.016
  98 H C   0.964  0.017  0.019
  99 H C   0.983  0.004  0.013
 100 S C   0.996  0.001  0.003
 101 P C   0.971  0.027  0.002
 102 A C   0.970  0.027  0.003
 103 T C   0.956  0.030  0.014
 104 T C   0.937  0.033  0.030
 105 A C   0.938  0.024  0.038
 106 T C   0.925  0.015  0.059
 107 I C   0.934  0.008  0.057
 108 K C   0.973  0.007  0.020
 109 P C   0.926  0.059  0.015
 110 R C   0.793  0.083  0.123
 111 L C   0.733  0.090  0.177
 112 L C   0.767  0.052  0.181
 113 Y C   0.861  0.014  0.125
 114 S C   0.963  0.008  0.029
 115 P C   0.969  0.018  0.013
 116 L C   0.941  0.023  0.036
 117 I C   0.895  0.026  0.079
 118 H C   0.902  0.021  0.077
 119 T C   0.919  0.014  0.067
 120 Q C   0.943  0.013  0.044
 121 N C   0.957  0.012  0.031
 122 A C   0.931  0.004  0.065
 123 V C   0.868  0.001  0.131
 124 P C   0.856  0.002  0.142
 125 V C   0.882  0.003  0.114
 126 T C   0.845  0.003  0.151
 127 I C   0.824  0.002  0.174
 128 S C   0.977  0.001  0.022
 129 P C   0.938  0.055  0.007
 130 N C   0.932  0.051  0.017
 131 L C   0.850  0.059  0.091
 132 V C   0.806  0.031  0.162
 133 A C   0.831  0.020  0.149
 134 T C   0.857  0.011  0.132
 135 T C   0.876  0.007  0.118
 136 T C   0.909  0.005  0.086
 137 S C   0.926  0.005  0.069
 138 T C   0.932  0.005  0.063
 139 T C   0.945  0.004  0.051
 140 S C   0.949  0.004  0.047
 141 T C   0.965  0.004  0.031
 142 S C   0.971  0.004  0.025
 143 S C   0.962  0.012  0.026
 144 T C   0.959  0.020  0.021
 145 S C   0.957  0.023  0.020
 146 A C   0.956  0.027  0.017
 147 N C   0.950  0.032  0.018
 148 K C   0.892  0.064  0.045
 149 V C   0.876  0.068  0.055
 150 T C   0.888  0.057  0.055
 151 K C   0.920  0.046  0.034
 152 N C   0.933  0.047  0.020
 153 K C   0.926  0.050  0.023
 154 M C   0.930  0.047  0.023
 155 N C   0.950  0.034  0.016
 156 S C   0.983  0.007  0.010
 157 S C   0.973  0.021  0.006
 158 P C   0.883  0.112  0.005
 159 Y C   0.873  0.118  0.009
 160 L C   0.814  0.174  0.012
 161 N C   0.837  0.151  0.012
 162 K C   0.878  0.111  0.010
 163 R C   0.922  0.069  0.009
 164 R C   0.968  0.026  0.007
 165 G C   0.978  0.012  0.010
 166 K C   0.978  0.006  0.016
 167 A C   0.987  0.002  0.011
 168 G C   0.997  0.001  0.003
 169 P C   0.990  0.009  0.001
 170 D C   0.988  0.012  0.000
 171 S C   0.959  0.039  0.002
 172 A C   0.925  0.067  0.008
 173 T C   0.902  0.080  0.018
 174 S C   0.861  0.107  0.031
 175 L C   0.802  0.161  0.036
 176 F C   0.783  0.142  0.074
 177 E C   0.849  0.072  0.078
 178 L C   0.989  0.002  0.009
 179 P C   0.990  0.008  0.003
 180 D C   0.942  0.057  0.001
 181 S C   0.927  0.057  0.016
 182 V C   0.927  0.045  0.028
 183 I C   0.960  0.001  0.039
 184 P C   0.979  0.000  0.020
 185 T C   0.996  0.000  0.004
 186 P C   0.998  0.000  0.001
 187 K C   0.999  0.000  0.001
 188 P C   0.999  0.000  0.001
 189 K C   0.999  0.000  0.000
 190 P C   0.981  0.018  0.000
 191 K C   0.969  0.029  0.002
 192 Q C   0.969  0.027  0.003
 193 Y C   0.996  0.001  0.003
 194 P C   0.997  0.001  0.002
 195 K C   0.880  0.003  0.117
 196 V C   0.735  0.004  0.261
 197 I C   0.727  0.002  0.270
 198 L C   0.912  0.001  0.088
 199 P C   0.972  0.002  0.026
 200 S C   0.990  0.006  0.005
 201 N C   0.988  0.010  0.002
 202 N C   0.984  0.011  0.005
 203 T C   0.943  0.006  0.051
 204 R C   0.880  0.004  0.115
 205 R C   0.872  0.002  0.125
 206 V C   0.880  0.001  0.120
 207 S C   0.948  0.000  0.052
 208 P C   0.971  0.016  0.014
 209 A C   0.969  0.019  0.012
 210 T C   0.944  0.019  0.037
 211 T C   0.939  0.015  0.046
 212 K C   0.942  0.008  0.050
 213 T C   0.949  0.005  0.046
 214 N C   0.948  0.004  0.048
 215 S C   0.970  0.005  0.024
 216 S C   0.969  0.011  0.020
 217 E C   0.964  0.011  0.025
 218 G C   0.953  0.007  0.040
 219 V C   0.809  0.004  0.187
 220 V C   0.690  0.005  0.305
 221 V C   0.689  0.006  0.306
 222 A C   0.802  0.007  0.191
 223 S C   0.872  0.005  0.123
 224 E C   0.952  0.002  0.046
 225 S C   0.985  0.000  0.014
 226 P C   0.986  0.003  0.011
 227 V C   0.897  0.003  0.101
 228 I C   0.906  0.003  0.091
 229 A C   0.957  0.004  0.040
 230 P C   0.982  0.008  0.010
 231 H C   0.986  0.009  0.006
 232 G C   0.975  0.014  0.011
 233 L C   0.960  0.022  0.018
 234 S C   0.959  0.020  0.021
 235 N C   0.965  0.018  0.017
 236 S C   0.965  0.020  0.015
 237 R C   0.933  0.038  0.029
 238 S C   0.926  0.042  0.032
 239 L C   0.922  0.039  0.039
 240 T C   0.929  0.029  0.042
 241 K C   0.920  0.021  0.059
 242 R C   0.924  0.021  0.056
 243 R C   0.945  0.028  0.027
 244 S C   0.960  0.025  0.014
 245 S C   0.970  0.019  0.011
 246 G C   0.977  0.012  0.011
 247 A C   0.971  0.014  0.015
 248 L C   0.956  0.014  0.030
 249 V C   0.959  0.015  0.026
 250 D C   0.964  0.027  0.010
 251 D C   0.899  0.099  0.002
 252 D C   0.857  0.142  0.001
 253 K C   0.778  0.221  0.001
 254 R C   0.731  0.268  0.002
 255 E C   0.620  0.376  0.004
 256 S C   0.567  0.431  0.003
 257 H H   0.398  0.601  0.001
 258 K H   0.360  0.639  0.001
 259 H H   0.314  0.686  0.000
 260 A H   0.156  0.844  0.000
 261 E H   0.130  0.870  0.000
 262 Q H   0.051  0.949  0.000
 263 A H   0.054  0.946  0.000
 264 R H   0.061  0.938  0.000
 265 R H   0.076  0.924  0.000
 266 N H   0.124  0.875  0.000
 267 R H   0.064  0.935  0.000
 268 L H   0.027  0.972  0.002
 269 A H   0.021  0.977  0.002
 270 V H   0.017  0.981  0.002
 271 A H   0.019  0.980  0.002
 272 L H   0.017  0.983  0.001
 273 H H   0.029  0.971  0.001
 274 E H   0.045  0.955  0.000
 275 L H   0.050  0.950  0.000
 276 S H   0.090  0.909  0.000
 277 S H   0.316  0.684  0.001
 278 L C   0.599  0.400  0.001
 279 I C   0.967  0.032  0.001
 280 P C   0.907  0.092  0.001
 281 A H   0.223  0.775  0.002
 282 E H   0.196  0.799  0.005
 283 W H   0.145  0.850  0.005
 284 K H   0.268  0.722  0.010
 285 Q H   0.449  0.542  0.009
 286 Q C   0.797  0.195  0.008
 287 N C   0.878  0.111  0.012
 288 V C   0.888  0.092  0.020
 289 S C   0.899  0.076  0.025
 290 A C   0.925  0.055  0.020
 291 A C   0.973  0.023  0.004
 292 P C   0.912  0.085  0.002
 293 S C   0.890  0.107  0.003
 294 K C   0.603  0.387  0.010
 295 A C   0.599  0.387  0.014
 296 T H   0.470  0.510  0.020
 297 T H   0.307  0.683  0.010
 298 V H   0.044  0.952  0.004
 299 E H   0.033  0.965  0.002
 300 A H   0.028  0.970  0.003
 301 A H   0.029  0.969  0.002
 302 C H   0.034  0.965  0.001
 303 R H   0.024  0.975  0.002
 304 Y H   0.021  0.977  0.002
 305 I H   0.030  0.968  0.002
 306 R H   0.038  0.960  0.002
 307 H H   0.060  0.939  0.002
 308 L H   0.106  0.893  0.001
 309 Q H   0.146  0.853  0.001
 310 Q H   0.205  0.794  0.001
 311 N C   0.756  0.244  0.000
 312 G C   0.994  0.006  0.000
 313 S C   0.999  0.001  0.000
 314 T C   0.991  0.004  0.004
