# PSIPRED VFORMAT (S4PRED V1.2.4)

   1 M C   1.000  0.000  0.000
   2 E C   0.996  0.003  0.001
   3 D C   0.987  0.010  0.003
   4 I C   0.953  0.039  0.008
   5 G C   0.934  0.045  0.020
   6 M C   0.949  0.029  0.022
   7 Y C   0.972  0.011  0.017
   8 G C   0.993  0.002  0.004
   9 S C   0.988  0.009  0.003
  10 P C   0.954  0.044  0.003
  11 L C   0.945  0.049  0.006
  12 Q C   0.906  0.068  0.025
  13 T C   0.884  0.081  0.034
  14 T C   0.871  0.081  0.048
  15 I C   0.694  0.228  0.078
  16 F C   0.644  0.295  0.061
  17 D C   0.654  0.313  0.033
  18 Q C   0.705  0.283  0.012
  19 V C   0.699  0.293  0.008
  20 D C   0.639  0.356  0.005
  21 S C   0.606  0.381  0.013
  22 Y C   0.607  0.354  0.040
  23 L C   0.639  0.293  0.068
  24 H C   0.742  0.192  0.066
  25 M C   0.800  0.137  0.062
  26 V C   0.886  0.077  0.037
  27 D C   0.939  0.047  0.014
  28 E C   0.885  0.113  0.002
  29 D C   0.880  0.119  0.001
  30 E C   0.820  0.178  0.002
  31 K C   0.835  0.162  0.003
  32 K C   0.888  0.106  0.006
  33 S C   0.938  0.056  0.006
  34 G C   0.979  0.014  0.007
  35 T C   0.976  0.013  0.011
  36 D C   0.969  0.018  0.012
  37 M C   0.960  0.022  0.018
  38 D C   0.946  0.029  0.025
  39 F C   0.868  0.094  0.038
  40 D C   0.842  0.114  0.044
  41 I C   0.839  0.129  0.032
  42 Q C   0.863  0.112  0.024
  43 K C   0.882  0.098  0.020
  44 E C   0.922  0.060  0.019
  45 T C   0.940  0.034  0.027
  46 V C   0.973  0.004  0.023
  47 P C   0.984  0.007  0.009
  48 S C   0.948  0.048  0.004
  49 S C   0.928  0.062  0.010
  50 H C   0.878  0.090  0.031
  51 F C   0.841  0.068  0.091
  52 E C   0.820  0.057  0.123
  53 L C   0.761  0.148  0.091
  54 E C   0.780  0.164  0.056
  55 D C   0.800  0.169  0.032
  56 L C   0.862  0.115  0.023
  57 Q C   0.863  0.075  0.062
  58 F C   0.851  0.085  0.064
  59 E C   0.853  0.092  0.055
  60 S C   0.871  0.085  0.044
  61 L C   0.900  0.079  0.021
  62 E C   0.915  0.068  0.017
  63 H C   0.940  0.045  0.014
  64 H C   0.937  0.053  0.010
  65 D C   0.930  0.066  0.005
  66 S C   0.917  0.071  0.012
  67 F C   0.875  0.101  0.025
  68 V C   0.853  0.120  0.027
  69 G C   0.842  0.134  0.024
  70 A C   0.853  0.118  0.030
  71 V C   0.850  0.112  0.039
  72 H C   0.857  0.100  0.043
  73 H C   0.848  0.102  0.050
  74 S C   0.844  0.102  0.055
  75 L C   0.826  0.095  0.079
  76 H C   0.866  0.053  0.081
  77 L C   0.915  0.030  0.055
  78 D C   0.930  0.024  0.046
  79 I C   0.947  0.029  0.024
  80 N C   0.967  0.026  0.008
  81 E C   0.972  0.023  0.004
  82 D C   0.975  0.020  0.005
  83 V C   0.970  0.017  0.013
  84 N C   0.971  0.011  0.019
  85 V C   0.981  0.005  0.014
  86 S C   0.992  0.003  0.005
  87 P C   0.914  0.083  0.003
  88 H C   0.932  0.067  0.001
  89 E C   0.885  0.113  0.002
  90 S C   0.864  0.134  0.002
  91 A C   0.904  0.094  0.002
  92 R C   0.957  0.041  0.002
  93 K C   0.977  0.022  0.001
  94 D C   0.986  0.013  0.001
  95 T C   0.979  0.021  0.000
  96 P C   0.880  0.119  0.001
  97 S C   0.871  0.123  0.005
  98 L C   0.749  0.232  0.019
  99 L C   0.746  0.229  0.025
 100 A C   0.789  0.190  0.022
 101 K C   0.826  0.162  0.013
 102 N C   0.875  0.120  0.006
 103 E C   0.775  0.208  0.017
 104 A C   0.741  0.227  0.031
 105 Q C   0.767  0.191  0.042
 106 L C   0.843  0.125  0.032
 107 T C   0.905  0.080  0.015
 108 Q C   0.930  0.058  0.012
 109 E C   0.954  0.040  0.006
 110 G C   0.963  0.033  0.004
 111 S C   0.967  0.029  0.004
 112 T C   0.951  0.042  0.007
 113 S C   0.937  0.051  0.011
 114 A C   0.925  0.058  0.016
 115 L C   0.932  0.045  0.022
 116 T C   0.960  0.023  0.017
 117 T C   0.969  0.022  0.009
 118 P C   0.941  0.053  0.006
 119 F C   0.913  0.058  0.030
 120 L C   0.901  0.060  0.039
 121 S C   0.943  0.023  0.034
 122 G C   0.954  0.010  0.036
 123 K C   0.942  0.008  0.051
 124 I C   0.950  0.009  0.041
 125 D C   0.982  0.010  0.008
 126 D C   0.976  0.020  0.004
 127 T C   0.977  0.022  0.001
 128 G C   0.977  0.022  0.001
 129 S C   0.949  0.049  0.002
 130 E C   0.805  0.185  0.010
 131 Q C   0.773  0.212  0.015
 132 L C   0.780  0.204  0.016
 133 Q C   0.826  0.156  0.018
 134 N C   0.841  0.133  0.026
 135 T C   0.846  0.103  0.052
 136 Y C   0.808  0.111  0.081
 137 Y C   0.884  0.054  0.062
 138 G C   0.923  0.036  0.041
 139 R C   0.938  0.032  0.030
 140 S C   0.941  0.037  0.022
 141 Q C   0.938  0.043  0.020
 142 N C   0.937  0.044  0.019
 143 L C   0.930  0.058  0.011
 144 G C   0.929  0.054  0.017
 145 K C   0.919  0.054  0.026
 146 V C   0.900  0.061  0.039
 147 A C   0.923  0.047  0.029
 148 S C   0.956  0.023  0.021
 149 G C   0.965  0.014  0.020
 150 K C   0.962  0.011  0.027
 151 L C   0.968  0.005  0.027
 152 S C   0.976  0.004  0.020
 153 P C   0.977  0.007  0.017
 154 L C   0.990  0.005  0.004
 155 S C   0.994  0.003  0.003
 156 S C   0.988  0.010  0.002
 157 P C   0.927  0.072  0.002
 158 A C   0.917  0.070  0.013
 159 L C   0.913  0.066  0.020
 160 V C   0.930  0.051  0.020
 161 S C   0.958  0.030  0.012
 162 S C   0.954  0.039  0.007
 163 Q C   0.962  0.035  0.004
 164 Q C   0.971  0.026  0.003
 165 Q C   0.983  0.014  0.003
 166 Q C   0.991  0.007  0.002
 167 P C   0.977  0.021  0.002
 168 W C   0.950  0.044  0.006
 169 K C   0.908  0.066  0.026
 170 S C   0.898  0.071  0.031
 171 V C   0.902  0.065  0.032
 172 S C   0.918  0.056  0.026
 173 R C   0.931  0.051  0.018
 174 R C   0.928  0.056  0.016
 175 A C   0.943  0.046  0.011
 176 S C   0.959  0.035  0.006
 177 N C   0.978  0.018  0.004
 178 S C   0.984  0.014  0.003
 179 S C   0.976  0.019  0.005
 180 S C   0.954  0.038  0.008
 181 R C   0.948  0.041  0.012
 182 S C   0.933  0.034  0.033
 183 K C   0.884  0.033  0.083
 184 R C   0.833  0.041  0.127
 185 I C   0.814  0.041  0.145
 186 M C   0.834  0.036  0.130
 187 T C   0.923  0.023  0.054
 188 N C   0.983  0.007  0.010
 189 G C   0.995  0.002  0.003
 190 N C   0.994  0.002  0.005
 191 T C   0.988  0.003  0.009
 192 S C   0.987  0.004  0.010
 193 S C   0.982  0.009  0.009
 194 S C   0.975  0.017  0.007
 195 S C   0.968  0.025  0.008
 196 S C   0.970  0.020  0.010
 197 N C   0.976  0.014  0.011
 198 K C   0.944  0.019  0.037
 199 V C   0.886  0.026  0.089
 200 V C   0.874  0.026  0.101
 201 K C   0.906  0.022  0.072
 202 S C   0.964  0.007  0.029
 203 S C   0.985  0.005  0.010
 204 P C   0.969  0.027  0.004
 205 Y C   0.965  0.025  0.009
 206 M C   0.950  0.030  0.019
 207 N C   0.952  0.031  0.017
 208 A C   0.903  0.086  0.011
 209 S C   0.897  0.095  0.007
 210 S C   0.880  0.110  0.010
 211 R C   0.834  0.147  0.019
 212 R C   0.833  0.137  0.030
 213 L C   0.851  0.113  0.036
 214 Q C   0.829  0.128  0.043
 215 K C   0.828  0.131  0.041
 216 T C   0.853  0.105  0.043
 217 M C   0.872  0.090  0.038
 218 S C   0.929  0.050  0.021
 219 N C   0.986  0.012  0.002
 220 G C   0.996  0.004  0.000
 221 N C   0.997  0.003  0.000
 222 G C   0.991  0.007  0.001
 223 T C   0.985  0.008  0.007
 224 K C   0.968  0.016  0.016
 225 R C   0.930  0.058  0.012
 226 D C   0.923  0.071  0.006
 227 D C   0.912  0.085  0.004
 228 W C   0.742  0.253  0.005
 229 D C   0.684  0.308  0.008
 230 D C   0.695  0.290  0.015
 231 F C   0.703  0.247  0.051
 232 M C   0.689  0.213  0.098
 233 F C   0.720  0.172  0.108
 234 S C   0.841  0.068  0.091
 235 L C   0.985  0.003  0.012
 236 P C   0.978  0.014  0.008
 237 E C   0.789  0.210  0.001
 238 S C   0.801  0.198  0.001
 239 S C   0.790  0.208  0.002
 240 L C   0.944  0.055  0.001
 241 G C   0.995  0.004  0.001
 242 N C   0.997  0.002  0.001
 243 D C   0.993  0.006  0.001
 244 K C   0.982  0.018  0.000
 245 D C   0.975  0.024  0.000
 246 S C   0.965  0.035  0.000
 247 D C   0.946  0.054  0.001
 248 K C   0.898  0.099  0.003
 249 T C   0.883  0.105  0.011
 250 L C   0.876  0.102  0.022
 251 E C   0.893  0.082  0.026
 252 K C   0.888  0.081  0.030
 253 K C   0.904  0.072  0.024
 254 T C   0.950  0.040  0.010
 255 S C   0.946  0.052  0.002
 256 D C   0.930  0.070  0.000
 257 D C   0.895  0.104  0.001
 258 S C   0.828  0.163  0.009
 259 F C   0.747  0.191  0.063
 260 K C   0.718  0.197  0.086
 261 L C   0.683  0.237  0.080
 262 L C   0.759  0.176  0.065
 263 D C   0.774  0.173  0.054
 264 M C   0.866  0.124  0.010
 265 T C   0.897  0.098  0.006
 266 Q C   0.920  0.075  0.005
 267 N C   0.959  0.039  0.002
 268 N C   0.984  0.012  0.004
 269 T C   0.985  0.005  0.010
 270 F C   0.986  0.003  0.011
 271 P C   0.987  0.007  0.006
 272 Q C   0.881  0.015  0.104
 273 V C   0.794  0.020  0.186
 274 I C   0.793  0.017  0.189
 275 L C   0.930  0.003  0.067
 276 P C   0.962  0.007  0.031
 277 S C   0.952  0.046  0.003
 278 N C   0.944  0.054  0.002
 279 S C   0.902  0.094  0.004
 280 L C   0.930  0.065  0.005
 281 D C   0.950  0.048  0.002
 282 K C   0.936  0.062  0.002
 283 G C   0.942  0.057  0.001
 284 T C   0.870  0.128  0.002
 285 E C   0.738  0.258  0.004
 286 D C   0.722  0.274  0.004
 287 F C   0.594  0.400  0.006
 288 V C   0.589  0.403  0.009
 289 N C   0.625  0.368  0.008
 290 R C   0.643  0.351  0.006
 291 F C   0.748  0.242  0.010
 292 E C   0.689  0.297  0.014
 293 K C   0.737  0.249  0.013
 294 S C   0.826  0.168  0.007
 295 F C   0.995  0.002  0.003
 296 P C   0.998  0.000  0.001
 297 D C   0.999  0.001  0.000
 298 P C   0.963  0.037  0.000
 299 S C   0.949  0.050  0.001
 300 H C   0.906  0.091  0.003
 301 D C   0.903  0.093  0.005
 302 L C   0.908  0.086  0.006
 303 K C   0.947  0.043  0.010
 304 H C   0.960  0.028  0.011
 305 S C   0.969  0.017  0.014
 306 K C   0.964  0.017  0.020
 307 S C   0.976  0.013  0.011
 308 R C   0.981  0.007  0.012
 309 S C   0.989  0.003  0.008
 310 G C   0.989  0.002  0.010
 311 T C   0.985  0.002  0.014
 312 S C   0.984  0.003  0.013
 313 T C   0.980  0.009  0.011
 314 E C   0.979  0.009  0.012
 315 N C   0.980  0.009  0.011
 316 T C   0.974  0.007  0.019
 317 S C   0.971  0.004  0.025
 318 V C   0.976  0.001  0.023
 319 S C   0.992  0.000  0.007
 320 P C   0.946  0.048  0.006
 321 S C   0.933  0.049  0.018
 322 Y C   0.904  0.062  0.034
 323 R C   0.930  0.031  0.038
 324 S C   0.961  0.025  0.014
 325 D C   0.973  0.021  0.006
 326 N C   0.970  0.018  0.012
 327 V C   0.854  0.021  0.125
 328 I C   0.785  0.027  0.188
 329 M C   0.788  0.031  0.182
 330 A C   0.865  0.024  0.111
 331 T C   0.906  0.011  0.083
 332 E C   0.970  0.003  0.026
 333 S C   0.993  0.001  0.006
 334 P C   0.988  0.008  0.004
 335 V C   0.966  0.008  0.026
 336 I C   0.947  0.014  0.039
 337 Q C   0.945  0.027  0.027
 338 P C   0.950  0.038  0.012
 339 L C   0.952  0.044  0.004
 340 G C   0.960  0.031  0.009
 341 L C   0.955  0.034  0.011
 342 R C   0.961  0.028  0.011
 343 N C   0.968  0.025  0.007
 344 S C   0.963  0.034  0.003
 345 R C   0.923  0.073  0.004
 346 Q C   0.891  0.104  0.006
 347 S C   0.871  0.123  0.007
 348 S C   0.860  0.131  0.009
 349 T C   0.816  0.168  0.016
 350 K C   0.725  0.248  0.027
 351 L C   0.698  0.271  0.031
 352 F C   0.736  0.237  0.027
 353 K C   0.714  0.269  0.017
 354 S C   0.760  0.230  0.010
 355 A C   0.752  0.241  0.007
 356 F C   0.754  0.240  0.006
 357 D C   0.808  0.188  0.004
 358 Q C   0.855  0.144  0.001
 359 H C   0.923  0.077  0.001
 360 T C   0.935  0.064  0.000
 361 N C   0.910  0.090  0.000
 362 E C   0.756  0.243  0.001
 363 Q C   0.761  0.238  0.001
 364 D C   0.764  0.235  0.001
 365 K C   0.720  0.277  0.003
 366 A C   0.715  0.279  0.006
 367 A C   0.714  0.276  0.010
 368 A C   0.746  0.240  0.014
 369 A C   0.789  0.194  0.018
 370 V C   0.864  0.117  0.019
 371 E C   0.928  0.059  0.013
 372 Q C   0.981  0.013  0.006
 373 P C   0.957  0.039  0.004
 374 I C   0.910  0.073  0.018
 375 L C   0.908  0.074  0.018
 376 S C   0.955  0.032  0.012
 377 N C   0.990  0.004  0.006
 378 K C   0.997  0.001  0.002
 379 P C   0.995  0.003  0.002
 380 K C   0.986  0.006  0.008
 381 R C   0.985  0.006  0.009
 382 S C   0.991  0.003  0.006
 383 G C   0.992  0.002  0.005
 384 S C   0.993  0.004  0.003
 385 S C   0.988  0.010  0.002
 386 T C   0.976  0.021  0.003
 387 N C   0.972  0.025  0.003
 388 T C   0.954  0.043  0.003
 389 R C   0.953  0.044  0.003
 390 S C   0.959  0.038  0.003
 391 N C   0.971  0.026  0.002
 392 S C   0.974  0.024  0.002
 393 L C   0.965  0.033  0.002
 394 S C   0.953  0.047  0.001
 395 Q H   0.464  0.535  0.001
 396 E H   0.442  0.557  0.001
 397 E H   0.405  0.594  0.001
 398 S H   0.396  0.603  0.001
 399 I H   0.302  0.696  0.001
 400 Q H   0.294  0.705  0.001
 401 R H   0.318  0.681  0.001
 402 K H   0.310  0.689  0.001
 403 K H   0.254  0.745  0.001
 404 E H   0.254  0.744  0.002
 405 V H   0.253  0.746  0.001
 406 H H   0.304  0.696  0.000
 407 K H   0.318  0.681  0.000
 408 N H   0.291  0.709  0.000
 409 A H   0.124  0.876  0.000
 410 E H   0.092  0.908  0.000
 411 Q H   0.040  0.960  0.000
 412 E H   0.034  0.966  0.000
 413 R H   0.037  0.963  0.000
 414 R H   0.045  0.955  0.000
 415 N H   0.056  0.944  0.000
 416 R H   0.040  0.960  0.000
 417 L H   0.040  0.960  0.000
 418 N H   0.050  0.950  0.000
 419 N H   0.032  0.968  0.000
 420 A H   0.026  0.974  0.000
 421 L H   0.029  0.971  0.000
 422 S H   0.026  0.974  0.000
 423 E H   0.032  0.968  0.000
 424 L H   0.052  0.948  0.000
 425 N H   0.091  0.909  0.000
 426 S H   0.233  0.767  0.000
 427 L H   0.446  0.554  0.000
 428 L C   0.981  0.019  0.000
 429 P C   0.944  0.056  0.000
 430 K H   0.284  0.716  0.000
 431 E H   0.243  0.756  0.001
 432 W H   0.161  0.838  0.001
 433 K H   0.215  0.782  0.003
 434 D H   0.255  0.741  0.003
 435 A H   0.438  0.551  0.011
 436 V C   0.612  0.342  0.046
 437 A C   0.727  0.219  0.054
 438 I C   0.899  0.075  0.026
 439 P C   0.872  0.117  0.011
 440 S C   0.849  0.150  0.001
 441 K C   0.582  0.417  0.001
 442 A C   0.656  0.343  0.001
 443 T C   0.560  0.438  0.001
 444 T H   0.286  0.713  0.001
 445 A H   0.073  0.926  0.001
 446 Q H   0.047  0.952  0.001
 447 L H   0.040  0.958  0.002
 448 A H   0.040  0.959  0.001
 449 C H   0.036  0.963  0.001
 450 K H   0.018  0.982  0.001
 451 Y H   0.015  0.984  0.001
 452 I H   0.022  0.977  0.001
 453 R H   0.022  0.978  0.000
 454 K H   0.028  0.972  0.000
 455 L H   0.034  0.966  0.000
 456 E H   0.010  0.990  0.000
 457 E H   0.010  0.990  0.000
 458 E H   0.015  0.984  0.000
 459 L H   0.040  0.959  0.000
 460 E H   0.061  0.939  0.000
 461 N H   0.075  0.925  0.000
 462 Y H   0.112  0.888  0.000
 463 R H   0.217  0.782  0.001
 464 K H   0.331  0.667  0.002
