# PSIPRED VFORMAT (S4PRED V1.2.4)

   1 M C   1.000  0.000  0.000
   2 N C   1.000  0.000  0.000
   3 P C   0.960  0.040  0.000
   4 V C   0.951  0.049  0.000
   5 D C   0.937  0.063  0.000
   6 D C   0.928  0.072  0.000
   7 G C   0.957  0.043  0.000
   8 F C   0.933  0.066  0.001
   9 I C   0.933  0.064  0.003
  10 D C   0.923  0.073  0.003
  11 E C   0.942  0.050  0.008
  12 I C   0.969  0.023  0.008
  13 Q C   0.983  0.012  0.005
  14 P C   0.974  0.023  0.004
  15 S C   0.975  0.024  0.001
  16 K C   0.846  0.152  0.002
  17 S C   0.792  0.203  0.005
  18 I H   0.481  0.510  0.009
  19 L C   0.525  0.467  0.008
  20 D C   0.559  0.437  0.004
  21 Q C   0.595  0.403  0.002
  22 V C   0.560  0.438  0.002
  23 D C   0.518  0.479  0.003
  24 E H   0.493  0.500  0.008
  25 Y C   0.502  0.490  0.008
  26 L C   0.633  0.362  0.005
  27 N C   0.698  0.301  0.001
  28 E C   0.834  0.166  0.000
  29 N C   0.953  0.047  0.000
  30 D C   0.938  0.062  0.000
  31 N C   0.930  0.066  0.004
  32 I C   0.906  0.073  0.021
  33 L C   0.906  0.074  0.020
  34 S C   0.908  0.077  0.015
  35 N C   0.932  0.059  0.009
  36 T C   0.958  0.037  0.005
  37 H C   0.970  0.024  0.007
  38 N C   0.970  0.024  0.006
  39 N C   0.973  0.020  0.007
  40 T C   0.936  0.019  0.045
  41 V C   0.927  0.019  0.055
  42 T C   0.939  0.019  0.042
  43 S C   0.937  0.021  0.042
  44 A C   0.943  0.023  0.033
  45 S C   0.927  0.027  0.046
  46 T C   0.936  0.029  0.035
  47 H C   0.951  0.020  0.029
  48 T C   0.973  0.011  0.016
  49 N C   0.984  0.009  0.007
  50 S C   0.963  0.030  0.007
  51 S C   0.948  0.045  0.007
  52 H C   0.948  0.041  0.011
  53 L C   0.964  0.026  0.010
  54 N C   0.977  0.016  0.007
  55 E C   0.984  0.011  0.005
  56 N C   0.990  0.005  0.004
  57 N C   0.993  0.003  0.005
  58 S C   0.993  0.003  0.004
  59 E C   0.993  0.004  0.003
  60 D C   0.995  0.004  0.002
  61 D C   0.994  0.005  0.001
  62 G C   0.985  0.014  0.001
  63 S C   0.977  0.020  0.002
  64 T C   0.956  0.036  0.008
  65 T C   0.936  0.050  0.013
  66 N C   0.918  0.067  0.014
  67 N C   0.880  0.087  0.033
  68 I C   0.718  0.129  0.153
  69 Q C   0.672  0.145  0.184
  70 I C   0.690  0.153  0.157
  71 D C   0.783  0.114  0.103
  72 L C   0.626  0.350  0.024
  73 D C   0.628  0.351  0.021
  74 N C   0.626  0.366  0.009
  75 L C   0.772  0.227  0.002
  76 S C   0.841  0.155  0.004
  77 N C   0.838  0.159  0.003
  78 S C   0.819  0.174  0.007
  79 F C   0.751  0.226  0.023
  80 F C   0.743  0.224  0.033
  81 Q C   0.821  0.157  0.021
  82 N C   0.906  0.084  0.010
  83 N C   0.909  0.064  0.027
  84 V C   0.759  0.104  0.137
  85 S C   0.703  0.123  0.173
  86 L C   0.707  0.117  0.176
  87 Y C   0.789  0.066  0.144
  88 M C   0.863  0.020  0.116
  89 D C   0.968  0.007  0.025
  90 D C   0.986  0.010  0.004
  91 D C   0.985  0.015  0.000
  92 D C   0.972  0.028  0.000
  93 D C   0.945  0.055  0.001
  94 S C   0.919  0.069  0.012
  95 K C   0.869  0.073  0.059
  96 L C   0.854  0.050  0.096
  97 M C   0.891  0.018  0.090
  98 L C   0.943  0.013  0.044
  99 P C   0.940  0.042  0.018
 100 S C   0.942  0.045  0.013
 101 F C   0.910  0.078  0.012
 102 N C   0.917  0.075  0.008
 103 D C   0.918  0.079  0.003
 104 H C   0.908  0.088  0.004
 105 Q C   0.883  0.109  0.008
 106 D C   0.871  0.113  0.016
 107 L C   0.848  0.108  0.044
 108 Q C   0.857  0.092  0.051
 109 M C   0.862  0.088  0.050
 110 S C   0.884  0.079  0.037
 111 T C   0.913  0.063  0.024
 112 N C   0.923  0.064  0.014
 113 A C   0.927  0.063  0.010
 114 A C   0.922  0.069  0.009
 115 N C   0.909  0.083  0.007
 116 T C   0.897  0.091  0.012
 117 A C   0.910  0.070  0.019
 118 T C   0.902  0.067  0.032
 119 S C   0.872  0.073  0.055
 120 T C   0.835  0.076  0.089
 121 V C   0.823  0.083  0.094
 122 M C   0.841  0.086  0.072
 123 S C   0.900  0.068  0.031
 124 N C   0.962  0.034  0.004
 125 N C   0.977  0.022  0.001
 126 N C   0.967  0.021  0.012
 127 I C   0.892  0.051  0.057
 128 H C   0.881  0.048  0.072
 129 S C   0.843  0.062  0.094
 130 V C   0.831  0.056  0.112
 131 M C   0.820  0.048  0.133
 132 E C   0.894  0.014  0.093
 133 T C   0.968  0.001  0.031
 134 P C   0.977  0.005  0.018
 135 F C   0.969  0.005  0.026
 136 M C   0.965  0.002  0.033
 137 Q C   0.981  0.000  0.019
 138 P C   0.967  0.004  0.029
 139 T C   0.912  0.015  0.073
 140 S C   0.810  0.031  0.159
 141 V C   0.774  0.040  0.186
 142 Y C   0.819  0.027  0.154
 143 T C   0.878  0.013  0.109
 144 N C   0.969  0.011  0.020
 145 S C   0.971  0.015  0.014
 146 T C   0.925  0.018  0.058
 147 I C   0.900  0.016  0.084
 148 K C   0.907  0.014  0.079
 149 S C   0.912  0.020  0.068
 150 S C   0.931  0.032  0.037
 151 S C   0.937  0.036  0.026
 152 L C   0.960  0.028  0.013
 153 S C   0.978  0.012  0.009
 154 N C   0.993  0.002  0.005
 155 T C   0.990  0.006  0.004
 156 P C   0.959  0.035  0.006
 157 Y C   0.948  0.030  0.022
 158 L C   0.915  0.038  0.047
 159 N C   0.927  0.031  0.042
 160 A C   0.879  0.070  0.051
 161 R C   0.865  0.069  0.066
 162 T C   0.866  0.077  0.057
 163 V C   0.912  0.050  0.039
 164 N C   0.955  0.027  0.018
 165 N C   0.980  0.018  0.002
 166 N C   0.984  0.015  0.001
 167 N C   0.986  0.013  0.001
 168 N C   0.987  0.012  0.000
 169 N C   0.991  0.009  0.001
 170 N C   0.993  0.007  0.001
 171 N C   0.992  0.007  0.001
 172 N C   0.991  0.008  0.001
 173 N C   0.991  0.009  0.000
 174 N C   0.989  0.011  0.000
 175 N C   0.979  0.021  0.000
 176 G C   0.955  0.044  0.000
 177 N C   0.951  0.047  0.002
 178 K C   0.906  0.081  0.013
 179 L C   0.873  0.098  0.029
 180 S C   0.872  0.094  0.033
 181 K C   0.843  0.092  0.064
 182 I C   0.845  0.053  0.102
 183 T C   0.798  0.043  0.159
 184 S C   0.842  0.026  0.132
 185 L C   0.919  0.022  0.059
 186 D C   0.962  0.016  0.023
 187 G C   0.969  0.021  0.010
 188 L C   0.963  0.013  0.024
 189 D C   0.941  0.009  0.051
 190 Y C   0.951  0.002  0.047
 191 S C   0.967  0.002  0.030
 192 P C   0.980  0.004  0.016
 193 I C   0.991  0.002  0.007
 194 S C   0.990  0.001  0.009
 195 S C   0.993  0.003  0.004
 196 P C   0.975  0.021  0.004
 197 A C   0.951  0.022  0.027
 198 I C   0.943  0.020  0.037
 199 D C   0.955  0.016  0.029
 200 D C   0.983  0.013  0.004
 201 S C   0.987  0.012  0.001
 202 K C   0.984  0.014  0.002
 203 S C   0.985  0.011  0.004
 204 N C   0.981  0.009  0.010
 205 T C   0.961  0.009  0.030
 206 T C   0.927  0.010  0.063
 207 N C   0.895  0.007  0.097
 208 F C   0.807  0.005  0.188
 209 V C   0.797  0.004  0.199
 210 L C   0.944  0.002  0.054
 211 P C   0.956  0.012  0.032
 212 E C   0.834  0.159  0.007
 213 S C   0.801  0.181  0.018
 214 A C   0.750  0.195  0.055
 215 I C   0.757  0.125  0.117
 216 T C   0.814  0.065  0.121
 217 M C   0.891  0.033  0.077
 218 N C   0.939  0.022  0.038
 219 K C   0.952  0.024  0.024
 220 S C   0.962  0.021  0.017
 221 R C   0.962  0.015  0.023
 222 S C   0.974  0.009  0.018
 223 S C   0.972  0.009  0.019
 224 S C   0.965  0.014  0.021
 225 S C   0.963  0.016  0.021
 226 V C   0.961  0.019  0.020
 227 S C   0.962  0.019  0.019
 228 G C   0.960  0.024  0.017
 229 R C   0.955  0.020  0.025
 230 S C   0.932  0.020  0.047
 231 K C   0.886  0.023  0.090
 232 R C   0.881  0.020  0.099
 233 L C   0.901  0.012  0.088
 234 T C   0.918  0.008  0.074
 235 S C   0.942  0.005  0.053
 236 S C   0.962  0.007  0.031
 237 S C   0.956  0.015  0.029
 238 T C   0.956  0.024  0.020
 239 S C   0.957  0.022  0.021
 240 S C   0.939  0.037  0.025
 241 K C   0.882  0.067  0.052
 242 V C   0.799  0.106  0.095
 243 I C   0.781  0.116  0.104
 244 K C   0.851  0.083  0.066
 245 S C   0.958  0.021  0.021
 246 S C   0.979  0.016  0.004
 247 P C   0.825  0.173  0.002
 248 Y C   0.826  0.168  0.006
 249 L C   0.724  0.263  0.013
 250 N C   0.747  0.240  0.013
 251 A C   0.740  0.243  0.017
 252 R C   0.773  0.206  0.021
 253 R C   0.714  0.256  0.030
 254 Q C   0.699  0.266  0.036
 255 Q C   0.679  0.271  0.050
 256 Y C   0.722  0.217  0.061
 257 T C   0.759  0.188  0.052
 258 D C   0.806  0.160  0.034
 259 L C   0.848  0.144  0.008
 260 T C   0.878  0.111  0.011
 261 K C   0.869  0.115  0.015
 262 K C   0.904  0.081  0.015
 263 T C   0.933  0.050  0.017
 264 S C   0.960  0.024  0.015
 265 S C   0.975  0.015  0.010
 266 S C   0.983  0.013  0.004
 267 S C   0.978  0.018  0.004
 268 A C   0.977  0.020  0.003
 269 G C   0.982  0.014  0.004
 270 H C   0.978  0.013  0.009
 271 N C   0.975  0.014  0.011
 272 A C   0.974  0.016  0.009
 273 S C   0.975  0.015  0.010
 274 N C   0.980  0.012  0.008
 275 T C   0.979  0.008  0.013
 276 A C   0.975  0.007  0.019
 277 S C   0.974  0.006  0.020
 278 T C   0.981  0.006  0.014
 279 N C   0.989  0.005  0.006
 280 S C   0.994  0.004  0.002
 281 N C   0.995  0.003  0.002
 282 N C   0.995  0.003  0.002
 283 N C   0.994  0.003  0.003
 284 T C   0.991  0.004  0.005
 285 S C   0.992  0.003  0.005
 286 N C   0.996  0.001  0.003
 287 G C   0.997  0.000  0.003
 288 T C   0.996  0.000  0.004
 289 P C   0.997  0.001  0.003
 290 N C   0.997  0.002  0.002
 291 G C   0.992  0.005  0.003
 292 S C   0.988  0.007  0.005
 293 L C   0.984  0.008  0.008
 294 N C   0.987  0.007  0.006
 295 S C   0.987  0.008  0.005
 296 S C   0.987  0.009  0.005
 297 H C   0.983  0.009  0.008
 298 S C   0.980  0.008  0.011
 299 A C   0.978  0.008  0.014
 300 S C   0.980  0.006  0.013
 301 A C   0.989  0.003  0.008
 302 T C   0.996  0.001  0.002
 303 P C   0.983  0.016  0.001
 304 K C   0.975  0.023  0.002
 305 N C   0.963  0.031  0.005
 306 F C   0.943  0.051  0.006
 307 Q C   0.947  0.048  0.005
 308 S C   0.959  0.039  0.002
 309 N C   0.979  0.020  0.001
 310 N C   0.985  0.015  0.000
 311 N C   0.981  0.019  0.001
 312 L C   0.976  0.023  0.001
 313 N C   0.978  0.021  0.001
 314 N C   0.974  0.025  0.001
 315 W C   0.564  0.434  0.002
 316 D C   0.545  0.452  0.003
 317 D C   0.518  0.478  0.004
 318 L C   0.585  0.407  0.008
 319 F C   0.689  0.289  0.022
 320 K C   0.889  0.094  0.017
 321 L C   0.990  0.007  0.002
 322 P C   0.979  0.020  0.001
 323 E C   0.837  0.162  0.001
 324 S C   0.832  0.165  0.003
 325 S C   0.832  0.164  0.004
 326 L C   0.966  0.031  0.003
 327 S C   0.993  0.005  0.002
 328 N C   0.992  0.008  0.001
 329 D C   0.973  0.027  0.000
 330 D C   0.934  0.066  0.000
 331 S C   0.895  0.103  0.002
 332 L C   0.847  0.145  0.008
 333 A C   0.837  0.148  0.015
 334 N C   0.855  0.126  0.019
 335 I C   0.893  0.088  0.019
 336 I C   0.952  0.035  0.013
 337 N C   0.997  0.001  0.001
 338 P C   0.991  0.008  0.000
 339 N C   0.991  0.008  0.000
 340 N C   0.990  0.009  0.000
 341 S C   0.991  0.007  0.002
 342 V C   0.992  0.006  0.002
 343 G C   0.994  0.005  0.001
 344 D C   0.997  0.002  0.001
 345 N C   0.999  0.000  0.001
 346 P C   0.999  0.001  0.001
 347 Y C   0.997  0.002  0.001
 348 P C   0.986  0.012  0.003
 349 Q C   0.902  0.014  0.084
 350 V C   0.835  0.012  0.152
 351 V C   0.830  0.007  0.163
 352 L C   0.939  0.003  0.058
 353 P C   0.957  0.019  0.024
 354 S C   0.967  0.022  0.011
 355 T C   0.960  0.029  0.011
 356 R C   0.963  0.019  0.018
 357 N C   0.971  0.009  0.020
 358 K C   0.976  0.010  0.014
 359 S C   0.983  0.008  0.008
 360 S C   0.988  0.007  0.006
 361 G C   0.989  0.006  0.005
 362 F C   0.976  0.012  0.012
 363 S C   0.953  0.023  0.024
 364 E C   0.929  0.025  0.045
 365 Y C   0.899  0.031  0.070
 366 Q C   0.871  0.034  0.094
 367 H C   0.897  0.036  0.067
 368 T C   0.883  0.095  0.023
 369 D C   0.869  0.122  0.009
 370 D C   0.837  0.151  0.013
 371 L C   0.829  0.146  0.026
 372 V C   0.829  0.116  0.055
 373 K C   0.842  0.104  0.054
 374 T C   0.910  0.058  0.032
 375 S C   0.963  0.021  0.016
 376 N C   0.984  0.009  0.007
 377 S C   0.993  0.001  0.006
 378 S C   0.994  0.001  0.006
 379 P C   0.993  0.003  0.004
 380 V C   0.991  0.003  0.005
 381 G C   0.983  0.007  0.011
 382 S C   0.968  0.013  0.019
 383 T C   0.953  0.019  0.027
 384 N C   0.956  0.019  0.024
 385 L C   0.975  0.015  0.009
 386 N C   0.981  0.012  0.006
 387 N C   0.975  0.019  0.006
 388 S C   0.966  0.021  0.013
 389 T C   0.926  0.024  0.050
 390 M C   0.874  0.021  0.105
 391 I C   0.883  0.016  0.102
 392 D C   0.931  0.014  0.055
 393 A C   0.753  0.230  0.017
 394 E C   0.717  0.257  0.026
 395 Q C   0.726  0.255  0.019
 396 L C   0.990  0.008  0.002
 397 P C   0.993  0.006  0.000
 398 N C   0.994  0.006  0.000
 399 N C   0.998  0.001  0.000
 400 S C   0.999  0.001  0.000
 401 P C   0.967  0.032  0.000
 402 S C   0.952  0.046  0.002
 403 T C   0.881  0.110  0.010
 404 S C   0.853  0.124  0.023
 405 K C   0.752  0.154  0.094
 406 I C   0.680  0.157  0.162
 407 L C   0.733  0.098  0.169
 408 F C   0.782  0.075  0.143
 409 A C   0.883  0.041  0.075
 410 N C   0.954  0.021  0.025
 411 A C   0.983  0.009  0.008
 412 S C   0.960  0.031  0.009
 413 P C   0.813  0.174  0.013
 414 V C   0.798  0.141  0.060
 415 I C   0.670  0.177  0.153
 416 Q C   0.641  0.176  0.183
 417 A C   0.657  0.184  0.159
 418 R C   0.671  0.191  0.138
 419 R C   0.681  0.185  0.134
 420 I C   0.729  0.187  0.084
 421 S C   0.793  0.136  0.071
 422 L C   0.852  0.112  0.036
 423 K C   0.860  0.116  0.025
 424 K C   0.853  0.124  0.023
 425 T C   0.865  0.122  0.013
 426 Q C   0.872  0.116  0.013
 427 R C   0.897  0.097  0.007
 428 D C   0.910  0.086  0.004
 429 S C   0.923  0.071  0.006
 430 S C   0.910  0.076  0.013
 431 L C   0.884  0.083  0.033
 432 E C   0.852  0.094  0.054
 433 L C   0.845  0.099  0.056
 434 E C   0.844  0.106  0.050
 435 S C   0.877  0.087  0.036
 436 T C   0.926  0.061  0.013
 437 N C   0.950  0.048  0.002
 438 N C   0.927  0.072  0.001
 439 E C   0.883  0.111  0.006
 440 N C   0.873  0.116  0.011
 441 I C   0.803  0.164  0.033
 442 L C   0.786  0.167  0.047
 443 E C   0.780  0.168  0.052
 444 S C   0.834  0.126  0.040
 445 N C   0.868  0.098  0.033
 446 V C   0.775  0.085  0.140
 447 I C   0.731  0.097  0.172
 448 S C   0.765  0.089  0.146
 449 M C   0.866  0.059  0.075
 450 N C   0.919  0.044  0.037
 451 T C   0.978  0.015  0.007
 452 G C   0.993  0.004  0.003
 453 N C   0.997  0.001  0.002
 454 K C   0.994  0.000  0.006
 455 P C   0.987  0.001  0.011
 456 A C   0.962  0.026  0.012
 457 P C   0.957  0.036  0.007
 458 I C   0.947  0.051  0.002
 459 N C   0.923  0.075  0.002
 460 N C   0.811  0.187  0.003
 461 K C   0.815  0.176  0.009
 462 I C   0.841  0.143  0.015
 463 K C   0.861  0.124  0.015
 464 S C   0.841  0.146  0.013
 465 E C   0.796  0.191  0.013
 466 Y C   0.785  0.205  0.010
 467 S C   0.812  0.185  0.004
 468 K H   0.469  0.530  0.002
 469 K H   0.362  0.637  0.001
 470 E H   0.262  0.735  0.003
 471 V H   0.200  0.797  0.003
 472 H H   0.241  0.758  0.001
 473 K H   0.190  0.809  0.001
 474 A H   0.121  0.878  0.000
 475 A H   0.106  0.894  0.000
 476 E H   0.080  0.920  0.000
 477 Q H   0.039  0.961  0.000
 478 E H   0.039  0.961  0.000
 479 R H   0.040  0.960  0.000
 480 R H   0.051  0.949  0.000
 481 N H   0.071  0.929  0.000
 482 R H   0.054  0.946  0.000
 483 L H   0.059  0.941  0.000
 484 N H   0.067  0.933  0.000
 485 N H   0.047  0.953  0.000
 486 A H   0.048  0.952  0.000
 487 L H   0.069  0.931  0.000
 488 N H   0.096  0.904  0.000
 489 D H   0.131  0.869  0.000
 490 L H   0.082  0.918  0.000
 491 N H   0.114  0.886  0.000
 492 S H   0.249  0.751  0.000
 493 L C   0.550  0.450  0.000
 494 L C   0.995  0.005  0.000
 495 P C   0.713  0.287  0.000
 496 E H   0.417  0.583  0.000
 497 D H   0.335  0.665  0.000
 498 W H   0.104  0.896  0.001
 499 K H   0.134  0.861  0.005
 500 K H   0.180  0.810  0.010
 501 A H   0.365  0.614  0.021
 502 V C   0.583  0.347  0.070
 503 A C   0.745  0.179  0.076
 504 I C   0.911  0.050  0.039
 505 P C   0.891  0.088  0.021
 506 S C   0.869  0.128  0.003
 507 K C   0.593  0.403  0.004
 508 A C   0.658  0.338  0.004
 509 T C   0.608  0.386  0.007
 510 T H   0.313  0.682  0.004
 511 A H   0.120  0.877  0.003
 512 E H   0.083  0.915  0.002
 513 L H   0.087  0.911  0.001
 514 G H   0.123  0.877  0.001
 515 C H   0.091  0.909  0.000
 516 K H   0.027  0.972  0.001
 517 Y H   0.021  0.977  0.001
 518 I H   0.010  0.989  0.001
 519 R H   0.006  0.994  0.001
 520 S H   0.010  0.990  0.000
 521 L H   0.014  0.986  0.000
 522 L H   0.009  0.990  0.000
 523 A H   0.009  0.991  0.000
 524 E H   0.012  0.988  0.000
 525 I H   0.012  0.987  0.000
 526 A H   0.025  0.974  0.000
 527 Q H   0.063  0.937  0.000
 528 L H   0.069  0.931  0.000
 529 K H   0.106  0.894  0.001
 530 K H   0.192  0.808  0.001
 531 Q H   0.280  0.719  0.000
 532 L C   0.971  0.029  0.000
 533 P C   0.951  0.049  0.000
 534 D C   0.915  0.085  0.000
 535 S C   0.919  0.081  0.000
 536 N C   0.895  0.103  0.002
 537 I C   0.840  0.156  0.004
 538 N C   0.808  0.187  0.004
 539 N C   0.637  0.359  0.004
 540 D C   0.602  0.391  0.008
 541 V C   0.522  0.418  0.060
