# PSIPRED VFORMAT (S4PRED V1.2.4)

   1 M C   1.000  0.000  0.000
   2 P C   1.000  0.000  0.000
   3 L C   0.995  0.005  0.000
   4 S C   0.994  0.006  0.001
   5 N C   0.989  0.011  0.001
   6 G C   0.991  0.008  0.001
   7 G C   0.986  0.013  0.001
   8 M C   0.968  0.030  0.002
   9 E C   0.970  0.027  0.003
  10 D C   0.968  0.029  0.003
  11 M C   0.971  0.026  0.003
  12 G C   0.953  0.038  0.009
  13 M C   0.955  0.034  0.011
  14 Y C   0.972  0.020  0.008
  15 G C   0.995  0.001  0.004
  16 S C   0.998  0.000  0.002
  17 P C   0.954  0.042  0.004
  18 M C   0.909  0.064  0.027
  19 E C   0.864  0.069  0.067
  20 V C   0.830  0.078  0.092
  21 Q C   0.834  0.077  0.089
  22 T C   0.836  0.086  0.078
  23 T C   0.810  0.082  0.108
  24 I C   0.645  0.193  0.162
  25 F C   0.615  0.246  0.139
  26 D C   0.647  0.266  0.086
  27 Q C   0.762  0.210  0.028
  28 V C   0.761  0.221  0.017
  29 D C   0.756  0.240  0.004
  30 N C   0.732  0.261  0.007
  31 Y C   0.685  0.250  0.066
  32 L C   0.628  0.274  0.098
  33 H C   0.687  0.223  0.090
  34 M C   0.749  0.178  0.074
  35 V C   0.835  0.121  0.044
  36 N C   0.966  0.026  0.008
  37 G C   0.990  0.009  0.001
  38 E C   0.980  0.018  0.002
  39 E C   0.945  0.052  0.003
  40 D C   0.899  0.100  0.002
  41 E C   0.792  0.203  0.005
  42 K C   0.748  0.236  0.016
  43 K C   0.778  0.188  0.034
  44 A C   0.824  0.117  0.059
  45 E C   0.843  0.083  0.073
  46 I C   0.877  0.049  0.074
  47 D C   0.901  0.033  0.066
  48 F C   0.836  0.100  0.064
  49 D C   0.808  0.110  0.081
  50 V C   0.807  0.131  0.062
  51 H C   0.865  0.096  0.039
  52 K C   0.801  0.178  0.021
  53 E C   0.822  0.160  0.019
  54 S C   0.822  0.123  0.055
  55 I C   0.916  0.019  0.065
  56 V C   0.967  0.002  0.031
  57 P C   0.981  0.006  0.013
  58 N C   0.989  0.009  0.001
  59 D C   0.985  0.014  0.001
  60 G C   0.947  0.047  0.006
  61 L C   0.893  0.067  0.040
  62 E C   0.838  0.086  0.076
  63 L C   0.625  0.279  0.096
  64 E C   0.593  0.297  0.110
  65 E C   0.586  0.288  0.126
  66 L C   0.672  0.200  0.129
  67 Q C   0.743  0.122  0.134
  68 F C   0.728  0.146  0.126
  69 D C   0.728  0.147  0.125
  70 L C   0.827  0.102  0.071
  71 H C   0.864  0.099  0.037
  72 N C   0.844  0.147  0.009
  73 D C   0.812  0.187  0.001
  74 H C   0.815  0.181  0.003
  75 M C   0.770  0.223  0.007
  76 N C   0.753  0.238  0.009
  77 S C   0.759  0.223  0.018
  78 F C   0.751  0.200  0.050
  79 V C   0.753  0.186  0.061
  80 G C   0.773  0.175  0.052
  81 V C   0.785  0.162  0.053
  82 M C   0.794  0.163  0.044
  83 N C   0.844  0.129  0.027
  84 H C   0.920  0.065  0.015
  85 G C   0.907  0.051  0.042
  86 L C   0.850  0.042  0.107
  87 H C   0.859  0.029  0.112
  88 L C   0.877  0.022  0.102
  89 D C   0.877  0.021  0.102
  90 I C   0.908  0.024  0.068
  91 H C   0.938  0.023  0.039
  92 D C   0.978  0.016  0.006
  93 D C   0.984  0.015  0.001
  94 E C   0.984  0.014  0.002
  95 N C   0.982  0.015  0.003
  96 V C   0.977  0.016  0.007
  97 S C   0.974  0.018  0.009
  98 S C   0.976  0.017  0.007
  99 H C   0.984  0.011  0.005
 100 D C   0.988  0.008  0.004
 101 S C   0.994  0.004  0.002
 102 S C   0.997  0.002  0.001
 103 A C   0.998  0.001  0.000
 104 P C   0.994  0.006  0.000
 105 K C   0.991  0.008  0.001
 106 D C   0.992  0.007  0.000
 107 T C   0.974  0.026  0.000
 108 P C   0.873  0.126  0.001
 109 S C   0.875  0.120  0.005
 110 L C   0.744  0.237  0.019
 111 L C   0.738  0.236  0.027
 112 A C   0.778  0.198  0.024
 113 R C   0.818  0.165  0.017
 114 N C   0.864  0.126  0.011
 115 S C   0.863  0.093  0.044
 116 I C   0.767  0.108  0.126
 117 Q C   0.781  0.096  0.123
 118 L C   0.860  0.069  0.072
 119 T C   0.890  0.059  0.051
 120 Q C   0.893  0.065  0.042
 121 E C   0.927  0.058  0.015
 122 G C   0.940  0.053  0.007
 123 S C   0.947  0.049  0.004
 124 N C   0.945  0.051  0.003
 125 S C   0.939  0.053  0.008
 126 A C   0.926  0.055  0.020
 127 L C   0.921  0.043  0.035
 128 T C   0.955  0.015  0.030
 129 T C   0.965  0.016  0.019
 130 P C   0.945  0.045  0.010
 131 F C   0.902  0.050  0.048
 132 L C   0.889  0.053  0.058
 133 S C   0.922  0.028  0.050
 134 G C   0.934  0.017  0.049
 135 K C   0.935  0.015  0.050
 136 V C   0.942  0.023  0.035
 137 E C   0.962  0.017  0.021
 138 D C   0.980  0.011  0.009
 139 G C   0.995  0.003  0.002
 140 N C   0.996  0.002  0.003
 141 E C   0.982  0.005  0.013
 142 P C   0.964  0.017  0.019
 143 I C   0.925  0.027  0.048
 144 H C   0.880  0.036  0.084
 145 Y C   0.887  0.034  0.080
 146 N C   0.924  0.023  0.053
 147 R C   0.846  0.127  0.027
 148 T C   0.842  0.130  0.028
 149 Q C   0.838  0.133  0.028
 150 L C   0.896  0.089  0.015
 151 G C   0.926  0.063  0.011
 152 K C   0.946  0.045  0.009
 153 A C   0.957  0.034  0.010
 154 G C   0.954  0.031  0.015
 155 A C   0.942  0.037  0.021
 156 K C   0.907  0.028  0.064
 157 F C   0.936  0.011  0.054
 158 S C   0.969  0.005  0.026
 159 P C   0.976  0.008  0.016
 160 L C   0.990  0.005  0.005
 161 S C   0.992  0.003  0.005
 162 S C   0.994  0.005  0.002
 163 P C   0.964  0.035  0.001
 164 A C   0.964  0.031  0.004
 165 L C   0.964  0.027  0.009
 166 T C   0.966  0.025  0.009
 167 S C   0.971  0.022  0.007
 168 T C   0.979  0.017  0.004
 169 Q C   0.985  0.011  0.004
 170 Q C   0.992  0.005  0.003
 171 Q C   0.997  0.001  0.002
 172 P C   0.996  0.002  0.002
 173 W C   0.998  0.001  0.001
 174 K C   0.995  0.002  0.003
 175 P C   0.973  0.024  0.002
 176 S C   0.975  0.024  0.001
 177 S C   0.966  0.031  0.003
 178 R C   0.964  0.030  0.006
 179 R C   0.966  0.024  0.011
 180 A C   0.973  0.017  0.010
 181 S C   0.979  0.013  0.008
 182 N C   0.984  0.010  0.006
 183 S C   0.985  0.010  0.005
 184 S C   0.981  0.014  0.006
 185 S C   0.961  0.031  0.008
 186 R C   0.947  0.042  0.011
 187 S C   0.934  0.037  0.028
 188 K C   0.895  0.035  0.070
 189 R C   0.838  0.042  0.121
 190 I C   0.743  0.050  0.207
 191 M C   0.753  0.036  0.212
 192 V C   0.831  0.023  0.145
 193 S C   0.916  0.011  0.072
 194 G C   0.984  0.004  0.012
 195 N C   0.988  0.004  0.007
 196 S C   0.977  0.011  0.012
 197 S C   0.963  0.017  0.020
 198 V C   0.956  0.019  0.024
 199 S C   0.962  0.019  0.019
 200 S C   0.956  0.033  0.011
 201 S C   0.957  0.037  0.005
 202 S C   0.960  0.035  0.005
 203 N C   0.963  0.031  0.006
 204 K C   0.915  0.054  0.031
 205 I C   0.861  0.071  0.067
 206 V C   0.860  0.070  0.070
 207 K C   0.908  0.052  0.040
 208 N C   0.977  0.014  0.009
 209 S C   0.994  0.003  0.003
 210 P C   0.961  0.037  0.002
 211 Y C   0.959  0.034  0.007
 212 M C   0.946  0.038  0.016
 213 N C   0.948  0.038  0.015
 214 A C   0.891  0.098  0.012
 215 S C   0.885  0.108  0.007
 216 S C   0.853  0.138  0.009
 217 R C   0.801  0.181  0.019
 218 R C   0.793  0.174  0.033
 219 L C   0.815  0.143  0.043
 220 Q C   0.795  0.156  0.049
 221 K C   0.792  0.152  0.056
 222 T C   0.782  0.132  0.086
 223 I C   0.770  0.133  0.097
 224 S C   0.847  0.097  0.056
 225 H C   0.942  0.042  0.016
 226 G C   0.980  0.016  0.004
 227 S C   0.986  0.011  0.003
 228 G C   0.982  0.010  0.008
 229 V C   0.972  0.010  0.018
 230 K C   0.967  0.012  0.021
 231 R C   0.776  0.209  0.015
 232 D C   0.784  0.210  0.007
 233 E C   0.774  0.216  0.010
 234 W C   0.767  0.211  0.022
 235 D C   0.713  0.241  0.046
 236 E C   0.633  0.263  0.104
 237 F C   0.623  0.245  0.131
 238 M C   0.617  0.214  0.168
 239 F C   0.686  0.158  0.156
 240 S C   0.836  0.045  0.119
 241 L C   0.984  0.002  0.014
 242 P C   0.982  0.009  0.009
 243 E C   0.815  0.184  0.001
 244 S C   0.813  0.185  0.002
 245 S C   0.811  0.187  0.002
 246 L C   0.949  0.051  0.001
 247 G C   0.996  0.004  0.001
 248 N C   0.998  0.001  0.001
 249 D C   0.997  0.003  0.000
 250 K C   0.993  0.007  0.000
 251 D C   0.991  0.008  0.000
 252 D C   0.988  0.012  0.000
 253 D C   0.967  0.033  0.000
 254 N C   0.946  0.054  0.000
 255 E C   0.904  0.095  0.001
 256 L C   0.858  0.139  0.003
 257 S C   0.816  0.178  0.006
 258 E C   0.561  0.431  0.008
 259 I H   0.446  0.543  0.011
 260 E C   0.550  0.435  0.015
 261 K C   0.644  0.345  0.011
 262 K C   0.712  0.284  0.004
 263 N C   0.860  0.139  0.001
 264 S C   0.941  0.059  0.000
 265 N C   0.935  0.065  0.000
 266 E C   0.816  0.183  0.001
 267 S C   0.797  0.201  0.003
 268 F C   0.758  0.236  0.006
 269 K C   0.792  0.202  0.006
 270 N C   0.825  0.170  0.005
 271 S C   0.919  0.075  0.006
 272 G C   0.933  0.056  0.010
 273 L C   0.899  0.082  0.019
 274 L C   0.862  0.096  0.041
 275 D C   0.874  0.084  0.042
 276 L C   0.873  0.117  0.010
 277 S C   0.859  0.135  0.006
 278 Q C   0.873  0.123  0.004
 279 N C   0.923  0.075  0.002
 280 N C   0.982  0.018  0.000
 281 G C   0.998  0.001  0.001
 282 Y C   0.994  0.001  0.006
 283 P C   0.985  0.002  0.013
 284 K C   0.872  0.004  0.124
 285 V C   0.748  0.006  0.246
 286 I C   0.750  0.004  0.246
 287 L C   0.934  0.001  0.065
 288 P C   0.964  0.006  0.031
 289 S C   0.967  0.030  0.003
 290 N C   0.934  0.064  0.001
 291 S C   0.905  0.093  0.003
 292 L C   0.891  0.102  0.007
 293 E C   0.932  0.059  0.009
 294 N C   0.947  0.046  0.007
 295 K C   0.951  0.045  0.004
 296 N C   0.953  0.043  0.003
 297 E C   0.943  0.050  0.007
 298 N C   0.935  0.054  0.011
 299 F C   0.891  0.062  0.047
 300 I C   0.835  0.077  0.088
 301 Q C   0.840  0.066  0.093
 302 L C   0.913  0.042  0.046
 303 N C   0.971  0.014  0.015
 304 T C   0.983  0.014  0.004
 305 P C   0.930  0.066  0.004
 306 Y C   0.927  0.058  0.014
 307 M C   0.931  0.050  0.019
 308 Q C   0.972  0.017  0.011
 309 E C   0.996  0.002  0.002
 310 P C   0.979  0.020  0.001
 311 S C   0.951  0.044  0.006
 312 A C   0.865  0.113  0.021
 313 Q C   0.841  0.112  0.047
 314 V C   0.846  0.103  0.052
 315 E C   0.881  0.073  0.046
 316 N C   0.927  0.053  0.019
 317 N C   0.951  0.039  0.010
 318 Y C   0.948  0.025  0.027
 319 T C   0.939  0.021  0.040
 320 K C   0.946  0.014  0.040
 321 S C   0.969  0.010  0.021
 322 R C   0.977  0.006  0.017
 323 S C   0.987  0.003  0.010
 324 G C   0.988  0.002  0.011
 325 T C   0.985  0.002  0.013
 326 S C   0.982  0.005  0.013
 327 T C   0.979  0.010  0.010
 328 E C   0.981  0.010  0.010
 329 N C   0.986  0.009  0.006
 330 N C   0.988  0.007  0.006
 331 S C   0.982  0.003  0.014
 332 V C   0.986  0.000  0.014
 333 S C   0.994  0.000  0.005
 334 P C   0.947  0.049  0.004
 335 S C   0.943  0.046  0.011
 336 Y C   0.916  0.062  0.022
 337 R C   0.935  0.041  0.024
 338 S C   0.957  0.033  0.011
 339 D C   0.967  0.026  0.008
 340 T C   0.917  0.030  0.052
 341 I C   0.831  0.038  0.131
 342 L C   0.788  0.038  0.173
 343 M C   0.793  0.041  0.166
 344 A C   0.847  0.029  0.124
 345 T C   0.891  0.013  0.096
 346 E C   0.960  0.003  0.037
 347 S C   0.990  0.000  0.010
 348 P C   0.990  0.003  0.007
 349 V C   0.931  0.002  0.067
 350 I C   0.922  0.002  0.076
 351 R C   0.968  0.001  0.032
 352 P C   0.983  0.003  0.014
 353 S C   0.991  0.006  0.003
 354 K C   0.983  0.013  0.003
 355 S C   0.982  0.014  0.004
 356 S C   0.966  0.024  0.010
 357 T C   0.948  0.039  0.013
 358 T C   0.940  0.039  0.021
 359 L C   0.938  0.036  0.026
 360 K C   0.949  0.027  0.024
 361 H C   0.949  0.022  0.029
 362 S C   0.951  0.018  0.032
 363 R C   0.957  0.013  0.030
 364 H C   0.965  0.012  0.022
 365 S C   0.966  0.016  0.017
 366 S C   0.955  0.029  0.015
 367 S C   0.935  0.038  0.027
 368 T C   0.887  0.055  0.058
 369 K C   0.812  0.078  0.110
 370 L C   0.788  0.077  0.135
 371 F C   0.754  0.063  0.182
 372 K C   0.814  0.025  0.161
 373 L C   0.985  0.008  0.008
 374 P C   0.963  0.036  0.002
 375 N C   0.924  0.075  0.001
 376 E C   0.903  0.094  0.003
 377 L C   0.901  0.094  0.005
 378 N C   0.962  0.035  0.003
 379 A C   0.990  0.009  0.001
 380 G C   0.993  0.006  0.001
 381 E C   0.995  0.004  0.001
 382 N C   0.997  0.003  0.000
 383 D C   0.997  0.003  0.000
 384 N C   0.998  0.001  0.000
 385 S C   0.999  0.001  0.000
 386 K C   0.998  0.001  0.001
 387 P C   0.994  0.005  0.001
 388 A C   0.985  0.010  0.005
 389 S C   0.978  0.009  0.013
 390 V C   0.982  0.003  0.015
 391 E C   0.984  0.003  0.014
 392 P C   0.984  0.009  0.007
 393 T C   0.985  0.011  0.005
 394 R C   0.986  0.006  0.007
 395 N C   0.994  0.001  0.005
 396 T C   0.995  0.001  0.004
 397 P C   0.994  0.003  0.003
 398 I C   0.990  0.008  0.001
 399 S C   0.989  0.009  0.002
 400 N C   0.992  0.006  0.002
 401 K C   0.997  0.001  0.001
 402 P C   0.992  0.006  0.002
 403 K C   0.979  0.011  0.010
 404 R C   0.968  0.015  0.017
 405 S C   0.974  0.014  0.012
 406 G C   0.973  0.013  0.013
 407 S C   0.966  0.021  0.013
 408 I C   0.946  0.034  0.021
 409 T C   0.935  0.039  0.025
 410 K C   0.928  0.046  0.026
 411 A C   0.936  0.050  0.014
 412 R C   0.933  0.055  0.012
 413 S C   0.958  0.037  0.005
 414 N C   0.981  0.018  0.001
 415 S C   0.986  0.013  0.001
 416 T C   0.970  0.029  0.001
 417 S C   0.939  0.061  0.001
 418 Q C   0.691  0.308  0.000
 419 E C   0.667  0.332  0.001
 420 D C   0.610  0.389  0.001
 421 S C   0.503  0.496  0.001
 422 I H   0.374  0.624  0.001
 423 Q H   0.323  0.675  0.002
 424 R H   0.337  0.662  0.002
 425 K H   0.326  0.673  0.002
 426 K H   0.262  0.736  0.002
 427 E H   0.247  0.750  0.003
 428 V H   0.247  0.750  0.002
 429 H H   0.302  0.698  0.001
 430 K H   0.340  0.660  0.000
 431 N H   0.311  0.689  0.000
 432 A H   0.131  0.869  0.000
 433 E H   0.097  0.903  0.000
 434 Q H   0.043  0.957  0.000
 435 E H   0.036  0.964  0.000
 436 R H   0.040  0.960  0.000
 437 R H   0.049  0.951  0.000
 438 N H   0.061  0.939  0.000
 439 R H   0.045  0.955  0.000
 440 L H   0.046  0.954  0.000
 441 N H   0.059  0.941  0.000
 442 N H   0.039  0.961  0.000
 443 A H   0.033  0.967  0.000
 444 L H   0.037  0.963  0.000
 445 S H   0.033  0.967  0.000
 446 E H   0.037  0.963  0.000
 447 L H   0.053  0.946  0.000
 448 N H   0.091  0.909  0.000
 449 S H   0.220  0.779  0.000
 450 L H   0.415  0.584  0.000
 451 L C   0.977  0.023  0.000
 452 P C   0.955  0.045  0.000
 453 K H   0.317  0.683  0.001
 454 E H   0.276  0.722  0.001
 455 W H   0.212  0.786  0.002
 456 K H   0.309  0.688  0.003
 457 D H   0.403  0.595  0.003
 458 S C   0.633  0.358  0.009
 459 V C   0.829  0.123  0.049
 460 A C   0.875  0.069  0.056
 461 I C   0.922  0.048  0.030
 462 P C   0.908  0.079  0.013
 463 S C   0.871  0.127  0.002
 464 K C   0.521  0.476  0.002
 465 A C   0.595  0.403  0.002
 466 T H   0.485  0.512  0.003
 467 T H   0.255  0.742  0.003
 468 A H   0.076  0.922  0.003
 469 Q H   0.047  0.950  0.003
 470 L H   0.040  0.956  0.004
 471 A H   0.039  0.959  0.003
 472 C H   0.033  0.966  0.002
 473 K H   0.019  0.980  0.001
 474 Y H   0.014  0.984  0.001
 475 I H   0.016  0.983  0.001
 476 R H   0.018  0.982  0.001
 477 K H   0.019  0.981  0.001
 478 L H   0.024  0.975  0.000
 479 E H   0.012  0.987  0.001
 480 A H   0.014  0.986  0.001
 481 E H   0.023  0.976  0.001
 482 L H   0.043  0.956  0.002
 483 E H   0.055  0.943  0.001
 484 H H   0.068  0.931  0.001
 485 Y H   0.073  0.925  0.001
 486 R H   0.108  0.891  0.001
 487 N H   0.169  0.830  0.001
 488 A H   0.314  0.681  0.004
