# PSIPRED VFORMAT (S4PRED V1.2.4)

   1 M C   1.000  0.000  0.000
   2 G C   1.000  0.000  0.000
   3 H C   0.997  0.003  0.001
   4 T C   0.989  0.008  0.003
   5 T C   0.941  0.055  0.004
   6 S C   0.728  0.263  0.009
   7 E C   0.737  0.244  0.019
   8 E C   0.696  0.238  0.066
   9 I C   0.650  0.219  0.131
  10 H C   0.636  0.223  0.141
  11 V C   0.631  0.256  0.113
  12 F C   0.696  0.226  0.079
  13 M C   0.684  0.281  0.035
  14 D C   0.713  0.269  0.018
  15 E C   0.780  0.206  0.014
  16 L C   0.896  0.095  0.009
  17 E C   0.967  0.020  0.013
  18 P C   0.960  0.029  0.011
  19 K C   0.920  0.073  0.007
  20 S C   0.868  0.115  0.017
  21 S C   0.792  0.172  0.036
  22 I H   0.394  0.567  0.038
  23 L H   0.438  0.516  0.046
  24 D H   0.462  0.504  0.035
  25 K C   0.526  0.438  0.036
  26 V C   0.576  0.392  0.032
  27 G C   0.659  0.328  0.013
  28 D C   0.647  0.331  0.022
  29 F C   0.500  0.320  0.179
  30 I C   0.461  0.278  0.261
  31 T C   0.506  0.238  0.256
  32 V C   0.623  0.190  0.187
  33 N C   0.785  0.132  0.083
  34 T C   0.868  0.101  0.031
  35 K C   0.887  0.091  0.022
  36 R C   0.895  0.082  0.024
  37 H C   0.866  0.116  0.018
  38 D C   0.884  0.105  0.011
  39 E C   0.855  0.138  0.007
  40 R C   0.880  0.112  0.008
  41 E C   0.836  0.154  0.009
  42 D C   0.809  0.181  0.009
  43 L C   0.823  0.168  0.009
  44 Y C   0.874  0.118  0.008
  45 D C   0.898  0.097  0.005
  46 Q C   0.772  0.226  0.002
  47 N C   0.756  0.242  0.002
  48 D C   0.706  0.292  0.002
  49 I C   0.601  0.385  0.014
  50 I C   0.604  0.376  0.019
  51 N C   0.644  0.342  0.014
  52 S C   0.711  0.283  0.006
  53 L C   0.798  0.197  0.005
  54 N C   0.860  0.136  0.005
  55 N C   0.935  0.062  0.002
  56 R C   0.973  0.025  0.002
  57 S C   0.985  0.014  0.001
  58 G C   0.990  0.009  0.001
  59 N C   0.993  0.007  0.001
  60 E C   0.992  0.007  0.001
  61 N C   0.993  0.006  0.001
  62 E C   0.992  0.007  0.001
  63 N C   0.992  0.007  0.001
  64 D C   0.979  0.020  0.000
  65 G C   0.956  0.044  0.001
  66 E C   0.938  0.060  0.002
  67 Q C   0.928  0.066  0.007
  68 D C   0.905  0.083  0.012
  69 E C   0.769  0.191  0.040
  70 L C   0.677  0.265  0.058
  71 A C   0.632  0.324  0.043
  72 L H   0.448  0.531  0.021
  73 D C   0.505  0.488  0.007
  74 D H   0.454  0.543  0.003
  75 L H   0.397  0.601  0.002
  76 D H   0.384  0.614  0.002
  77 R H   0.352  0.642  0.006
  78 A H   0.349  0.633  0.018
  79 F H   0.283  0.660  0.057
  80 E H   0.351  0.575  0.074
  81 L H   0.439  0.473  0.088
  82 V C   0.539  0.399  0.062
  83 E C   0.674  0.290  0.036
  84 G C   0.861  0.124  0.014
  85 M C   0.930  0.053  0.016
  86 D C   0.938  0.038  0.024
  87 M C   0.742  0.219  0.039
  88 D C   0.691  0.249  0.060
  89 W C   0.606  0.295  0.099
  90 M C   0.647  0.258  0.095
  91 I C   0.703  0.216  0.081
  92 S C   0.822  0.128  0.050
  93 S C   0.897  0.073  0.030
  94 H C   0.911  0.062  0.027
  95 A C   0.924  0.047  0.029
  96 H C   0.937  0.031  0.032
  97 H C   0.963  0.011  0.026
  98 S C   0.992  0.001  0.007
  99 P C   0.980  0.018  0.002
 100 A C   0.977  0.021  0.002
 101 N C   0.969  0.022  0.008
 102 T C   0.960  0.018  0.022
 103 T C   0.950  0.013  0.038
 104 T C   0.934  0.006  0.060
 105 I C   0.931  0.004  0.065
 106 K C   0.956  0.007  0.037
 107 P C   0.921  0.050  0.029
 108 R C   0.781  0.073  0.145
 109 L C   0.716  0.080  0.204
 110 L C   0.754  0.046  0.200
 111 Y C   0.844  0.012  0.144
 112 S C   0.955  0.009  0.036
 113 P C   0.965  0.020  0.015
 114 L C   0.942  0.025  0.033
 115 I C   0.900  0.032  0.068
 116 H C   0.908  0.027  0.065
 117 T C   0.924  0.020  0.056
 118 Q C   0.939  0.018  0.043
 119 N C   0.951  0.017  0.032
 120 A C   0.950  0.007  0.043
 121 M C   0.930  0.001  0.069
 122 P C   0.917  0.002  0.081
 123 V C   0.890  0.005  0.106
 124 T C   0.864  0.005  0.132
 125 I C   0.865  0.003  0.132
 126 S C   0.985  0.001  0.014
 127 P C   0.874  0.122  0.004
 128 N C   0.878  0.111  0.010
 129 L C   0.797  0.149  0.054
 130 V C   0.779  0.139  0.082
 131 A C   0.825  0.104  0.072
 132 A C   0.857  0.085  0.059
 133 A C   0.900  0.057  0.043
 134 T C   0.923  0.036  0.041
 135 S C   0.931  0.029  0.040
 136 T C   0.908  0.025  0.067
 137 V C   0.884  0.028  0.088
 138 S C   0.901  0.027  0.072
 139 T C   0.899  0.033  0.068
 140 S C   0.889  0.038  0.073
 141 I C   0.881  0.057  0.061
 142 S C   0.898  0.056  0.046
 143 A C   0.915  0.064  0.021
 144 N C   0.930  0.058  0.012
 145 K C   0.906  0.069  0.025
 146 V C   0.911  0.059  0.030
 147 T C   0.934  0.037  0.029
 148 K C   0.964  0.015  0.021
 149 N C   0.980  0.007  0.013
 150 K C   0.975  0.011  0.015
 151 S C   0.978  0.011  0.012
 152 S C   0.982  0.008  0.010
 153 S C   0.991  0.002  0.007
 154 S C   0.988  0.008  0.004
 155 P C   0.948  0.049  0.003
 156 Y C   0.934  0.054  0.011
 157 L C   0.890  0.093  0.017
 158 N C   0.894  0.089  0.017
 159 K C   0.918  0.068  0.014
 160 R C   0.940  0.048  0.013
 161 R C   0.974  0.016  0.010
 162 G C   0.986  0.005  0.009
 163 K C   0.985  0.002  0.013
 164 S C   0.991  0.001  0.008
 165 G C   0.997  0.002  0.001
 166 P C   0.992  0.008  0.000
 167 D C   0.988  0.011  0.000
 168 S C   0.960  0.037  0.003
 169 A C   0.929  0.063  0.008
 170 T C   0.905  0.077  0.018
 171 S C   0.864  0.106  0.031
 172 L C   0.807  0.156  0.038
 173 F C   0.784  0.142  0.074
 174 E C   0.853  0.068  0.078
 175 L C   0.989  0.002  0.008
 176 P C   0.990  0.008  0.002
 177 D C   0.951  0.048  0.001
 178 S C   0.933  0.049  0.017
 179 V C   0.927  0.039  0.035
 180 I C   0.951  0.001  0.049
 181 P C   0.971  0.000  0.028
 182 T C   0.993  0.000  0.007
 183 P C   0.996  0.000  0.004
 184 K C   0.999  0.000  0.001
 185 P C   0.994  0.005  0.001
 186 K C   0.980  0.019  0.001
 187 S C   0.973  0.025  0.002
 188 K C   0.974  0.022  0.005
 189 Q C   0.985  0.009  0.006
 190 Y C   0.995  0.001  0.005
 191 P C   0.996  0.001  0.003
 192 K C   0.862  0.003  0.134
 193 V C   0.727  0.005  0.268
 194 I C   0.720  0.003  0.277
 195 L C   0.921  0.001  0.078
 196 P C   0.977  0.002  0.021
 197 S C   0.990  0.006  0.004
 198 N C   0.980  0.017  0.003
 199 S C   0.968  0.022  0.010
 200 T C   0.931  0.013  0.056
 201 R C   0.881  0.007  0.112
 202 R C   0.879  0.004  0.117
 203 L C   0.903  0.001  0.096
 204 S C   0.974  0.000  0.026
 205 P C   0.980  0.012  0.008
 206 S C   0.977  0.013  0.010
 207 T C   0.966  0.015  0.020
 208 T C   0.955  0.008  0.037
 209 K C   0.949  0.005  0.046
 210 T C   0.947  0.004  0.049
 211 N C   0.942  0.003  0.056
 212 S C   0.968  0.004  0.027
 213 S C   0.968  0.008  0.024
 214 E C   0.962  0.009  0.029
 215 G C   0.950  0.005  0.044
 216 V C   0.812  0.004  0.184
 217 V C   0.693  0.004  0.303
 218 V C   0.690  0.005  0.305
 219 A C   0.805  0.006  0.189
 220 S C   0.870  0.005  0.125
 221 E C   0.948  0.002  0.049
 222 S C   0.981  0.000  0.018
 223 P C   0.984  0.002  0.014
 224 V C   0.880  0.002  0.118
 225 I C   0.890  0.002  0.108
 226 A C   0.955  0.001  0.044
 227 P C   0.986  0.002  0.012
 228 H C   0.994  0.002  0.004
 229 G C   0.991  0.003  0.007
 230 S C   0.988  0.004  0.008
 231 S C   0.981  0.009  0.011
 232 N C   0.978  0.012  0.009
 233 S C   0.966  0.020  0.014
 234 R C   0.945  0.033  0.023
 235 S C   0.938  0.038  0.024
 236 L C   0.955  0.024  0.021
 237 G C   0.966  0.013  0.021
 238 R C   0.949  0.009  0.042
 239 R C   0.929  0.011  0.060
 240 R C   0.939  0.014  0.046
 241 S C   0.952  0.013  0.035
 242 S C   0.955  0.010  0.035
 243 G C   0.939  0.005  0.056
 244 V C   0.875  0.004  0.121
 245 L C   0.847  0.004  0.149
 246 V C   0.886  0.009  0.105
 247 D C   0.957  0.016  0.027
 248 D C   0.929  0.068  0.003
 249 D C   0.881  0.117  0.002
 250 K C   0.780  0.218  0.003
 251 R C   0.705  0.290  0.005
 252 E C   0.630  0.354  0.016
 253 S C   0.547  0.441  0.012
 254 H H   0.374  0.621  0.006
 255 K H   0.333  0.663  0.004
 256 Y H   0.239  0.759  0.002
 257 A H   0.206  0.793  0.001
 258 E H   0.156  0.843  0.000
 259 Q H   0.048  0.952  0.000
 260 A H   0.057  0.943  0.000
 261 R H   0.078  0.922  0.000
 262 R H   0.098  0.901  0.000
 263 N H   0.186  0.814  0.000
 264 R H   0.101  0.899  0.000
 265 L H   0.036  0.962  0.002
 266 A H   0.028  0.969  0.003
 267 V H   0.024  0.973  0.003
 268 A H   0.025  0.973  0.002
 269 L H   0.012  0.988  0.001
 270 H H   0.016  0.984  0.000
 271 E H   0.024  0.976  0.000
 272 L H   0.025  0.975  0.000
 273 A H   0.043  0.957  0.000
 274 S H   0.219  0.781  0.001
 275 L C   0.574  0.425  0.001
 276 I C   0.960  0.039  0.000
 277 P C   0.890  0.110  0.001
 278 A H   0.182  0.817  0.001
 279 E H   0.160  0.837  0.003
 280 W H   0.123  0.874  0.004
 281 K H   0.240  0.754  0.006
 282 Q H   0.429  0.566  0.006
 283 Q C   0.792  0.203  0.005
 284 N C   0.874  0.117  0.008
 285 V C   0.885  0.099  0.016
 286 S C   0.898  0.081  0.020
 287 A C   0.922  0.062  0.016
 288 A C   0.972  0.025  0.003
 289 P C   0.904  0.094  0.002
 290 S C   0.882  0.116  0.002
 291 K C   0.611  0.382  0.008
 292 A C   0.607  0.381  0.011
 293 T H   0.489  0.493  0.017
 294 T H   0.324  0.667  0.009
 295 V H   0.043  0.953  0.004
 296 E H   0.033  0.965  0.002
 297 A H   0.028  0.970  0.002
 298 A H   0.029  0.969  0.002
 299 C H   0.035  0.964  0.001
 300 R H   0.025  0.973  0.002
 301 Y H   0.024  0.974  0.002
 302 I H   0.034  0.964  0.002
 303 R H   0.044  0.954  0.002
 304 H H   0.072  0.926  0.002
 305 L H   0.127  0.872  0.002
 306 Q H   0.172  0.826  0.002
 307 R H   0.240  0.759  0.001
 308 N C   0.741  0.258  0.000
 309 G C   0.994  0.006  0.000
 310 S C   0.999  0.001  0.000
 311 T C   0.994  0.003  0.002
