# PSIPRED VFORMAT (S4PRED V1.2.4)

   1 M C   1.000  0.000  0.000
   2 I C   0.963  0.000  0.037
   3 T C   0.812  0.000  0.188
   4 H C   0.712  0.000  0.288
   5 M C   0.742  0.000  0.257
   6 V C   0.843  0.000  0.157
   7 T C   0.992  0.000  0.008
   8 P C   0.993  0.005  0.002
   9 D C   0.992  0.007  0.001
  10 S C   0.989  0.011  0.001
  11 T C   0.988  0.011  0.002
  12 S C   0.991  0.006  0.003
  13 S C   0.997  0.001  0.002
  14 A C   0.999  0.000  0.000
  15 P C   0.999  0.000  0.000
  16 N C   0.999  0.000  0.000
  17 S C   0.999  0.001  0.000
  18 P C   0.990  0.009  0.000
  19 Y C   0.989  0.010  0.001
  20 G C   0.978  0.019  0.004
  21 E C   0.943  0.046  0.011
  22 D C   0.931  0.048  0.021
  23 T C   0.872  0.044  0.083
  24 I C   0.768  0.051  0.182
  25 K C   0.733  0.049  0.218
  26 L C   0.848  0.031  0.122
  27 N C   0.941  0.018  0.041
  28 S C   0.907  0.059  0.035
  29 S C   0.859  0.068  0.073
  30 V C   0.805  0.092  0.103
  31 I C   0.836  0.072  0.092
  32 S C   0.908  0.035  0.058
  33 S C   0.963  0.011  0.026
  34 S C   0.992  0.002  0.005
  35 S C   0.995  0.002  0.003
  36 P C   0.985  0.012  0.003
  37 V C   0.973  0.016  0.012
  38 R C   0.955  0.022  0.022
  39 S C   0.953  0.028  0.019
  40 T C   0.900  0.085  0.014
  41 S C   0.800  0.186  0.014
  42 Y C   0.667  0.320  0.013
  43 L C   0.654  0.333  0.013
  44 Q C   0.711  0.276  0.013
  45 N C   0.737  0.254  0.009
  46 L C   0.668  0.322  0.010
  47 Q C   0.689  0.298  0.013
  48 M C   0.679  0.308  0.013
  49 Q C   0.695  0.291  0.014
  50 Q C   0.678  0.309  0.013
  51 Q C   0.717  0.275  0.008
  52 F C   0.742  0.251  0.007
  53 S C   0.716  0.279  0.005
  54 Q C   0.598  0.396  0.006
  55 L C   0.631  0.361  0.007
  56 Q C   0.608  0.381  0.010
  57 F C   0.547  0.439  0.015
  58 L C   0.585  0.402  0.013
  59 Q C   0.592  0.397  0.011
  60 L C   0.619  0.376  0.005
  61 Q C   0.637  0.358  0.005
  62 Q C   0.629  0.368  0.002
  63 Q C   0.652  0.346  0.001
  64 Q C   0.682  0.316  0.002
  65 Q C   0.713  0.287  0.001
  66 Q C   0.716  0.283  0.001
  67 Q C   0.702  0.297  0.001
  68 D C   0.704  0.296  0.000
  69 Q C   0.601  0.398  0.001
  70 Q C   0.618  0.379  0.003
  71 L C   0.604  0.393  0.004
  72 A C   0.599  0.397  0.004
  73 L C   0.571  0.426  0.004
  74 Q C   0.579  0.417  0.004
  75 Q C   0.576  0.422  0.003
  76 Q C   0.598  0.401  0.002
  77 Q C   0.619  0.379  0.001
  78 Q C   0.645  0.354  0.001
  79 Q C   0.710  0.289  0.001
  80 Q C   0.761  0.237  0.001
  81 Q C   0.813  0.186  0.001
  82 S C   0.845  0.154  0.001
  83 Q C   0.838  0.161  0.001
  84 S C   0.857  0.141  0.001
  85 Q C   0.867  0.130  0.003
  86 Q C   0.891  0.106  0.003
  87 A C   0.939  0.059  0.002
  88 Q C   0.964  0.033  0.003
  89 P C   0.947  0.051  0.002
  90 Y C   0.950  0.048  0.002
  91 A C   0.984  0.014  0.002
  92 N C   0.990  0.008  0.002
  93 P C   0.933  0.065  0.003
  94 Y C   0.933  0.056  0.011
  95 F C   0.934  0.044  0.022
  96 Q C   0.972  0.011  0.017
  97 T C   0.990  0.005  0.004
  98 P C   0.931  0.065  0.005
  99 I C   0.704  0.295  0.001
 100 D C   0.632  0.363  0.004
 101 Q C   0.581  0.401  0.018
 102 L C   0.707  0.263  0.029
 103 F C   0.804  0.129  0.066
 104 Q C   0.877  0.046  0.077
 105 F C   0.919  0.028  0.053
 106 D C   0.973  0.014  0.012
 107 N C   0.991  0.008  0.001
 108 N C   1.000  0.000  0.000
 109 P C   0.996  0.004  0.000
 110 N C   0.991  0.009  0.000
 111 S C   0.989  0.011  0.000
 112 S C   0.990  0.009  0.001
 113 F C   0.998  0.001  0.002
 114 N C   0.999  0.000  0.001
 115 P C   0.998  0.001  0.000
 116 T C   0.999  0.001  0.000
 117 R C   1.000  0.000  0.000
 118 P C   0.999  0.001  0.000
 119 P C   0.996  0.003  0.000
 120 N C   0.989  0.006  0.005
 121 I C   0.969  0.019  0.013
 122 H C   0.972  0.015  0.014
 123 T C   0.983  0.009  0.009
 124 N C   0.996  0.002  0.002
 125 Q C   0.997  0.002  0.001
 126 P C   0.990  0.006  0.003
 127 Y C   0.976  0.005  0.020
 128 V C   0.967  0.004  0.029
 129 S C   0.975  0.013  0.012
 130 P C   0.944  0.050  0.006
 131 Y C   0.943  0.044  0.013
 132 L C   0.930  0.043  0.026
 133 H C   0.942  0.027  0.030
 134 S C   0.971  0.009  0.020
 135 A C   0.987  0.004  0.009
 136 P C   0.985  0.007  0.007
 137 L C   0.986  0.011  0.003
 138 T C   0.986  0.009  0.005
 139 N C   0.989  0.006  0.005
 140 H C   0.959  0.039  0.001
 141 S C   0.939  0.060  0.001
 142 D C   0.940  0.059  0.001
 143 L C   0.984  0.015  0.001
 144 Q C   0.998  0.000  0.002
 145 P C   0.997  0.000  0.003
 146 Q C   0.999  0.000  0.001
 147 P C   1.000  0.000  0.000
 148 P C   1.000  0.000  0.000
 149 P C   0.997  0.003  0.000
 150 A C   0.979  0.018  0.003
 151 S C   0.972  0.022  0.006
 152 L C   0.975  0.020  0.005
 153 S C   0.984  0.012  0.004
 154 D C   0.878  0.119  0.003
 155 S C   0.867  0.131  0.002
 156 E C   0.847  0.144  0.009
 157 L C   0.865  0.122  0.013
 158 G C   0.916  0.067  0.017
 159 L C   0.912  0.068  0.019
 160 G C   0.922  0.057  0.021
 161 L C   0.909  0.069  0.022
 162 V C   0.905  0.071  0.024
 163 K C   0.896  0.084  0.021
 164 Q C   0.900  0.087  0.013
 165 Q C   0.914  0.080  0.006
 166 Q C   0.907  0.091  0.003
 167 D C   0.942  0.057  0.001
 168 S C   0.984  0.015  0.001
 169 L C   1.000  0.000  0.000
 170 P C   0.998  0.002  0.000
 171 P C   0.863  0.137  0.000
 172 Q C   0.871  0.128  0.001
 173 Q C   0.883  0.116  0.001
 174 Q C   0.919  0.079  0.002
 175 A C   0.945  0.053  0.002
 176 Q C   0.961  0.036  0.003
 177 S C   0.977  0.022  0.002
 178 Q C   0.997  0.001  0.002
 179 P C   0.998  0.001  0.001
 180 T C   0.991  0.007  0.002
 181 P C   0.952  0.045  0.003
 182 L C   0.920  0.077  0.003
 183 L C   0.908  0.087  0.005
 184 N C   0.924  0.071  0.005
 185 Q C   0.969  0.026  0.005
 186 Q C   0.986  0.010  0.004
 187 H C   0.992  0.003  0.005
 188 P C   0.946  0.051  0.003
 189 F C   0.938  0.054  0.008
 190 Y C   0.889  0.093  0.019
 191 N C   0.866  0.116  0.018
 192 E C   0.847  0.136  0.017
 193 Y C   0.858  0.126  0.016
 194 I C   0.876  0.113  0.011
 195 N C   0.891  0.104  0.006
 196 D C   0.946  0.050  0.004
 197 M C   0.995  0.002  0.003
 198 P C   0.988  0.010  0.002
 199 S C   0.978  0.020  0.002
 200 T C   0.980  0.017  0.004
 201 Q C   0.986  0.010  0.004
 202 H C   0.992  0.002  0.006
 203 P C   0.964  0.023  0.013
 204 Y C   0.791  0.043  0.166
 205 L C   0.728  0.053  0.219
 206 I C   0.740  0.043  0.216
 207 F C   0.843  0.025  0.132
 208 N C   0.932  0.012  0.057
 209 N C   0.983  0.010  0.007
 210 T C   0.981  0.015  0.004
 211 N C   0.977  0.018  0.005
 212 A C   0.974  0.020  0.006
 213 A C   0.980  0.014  0.005
 214 H C   0.977  0.012  0.011
 215 S C   0.975  0.010  0.015
 216 T C   0.973  0.009  0.018
 217 T C   0.979  0.007  0.014
 218 S C   0.985  0.004  0.011
 219 L C   0.991  0.006  0.003
 220 P C   0.989  0.010  0.001
 221 N C   0.981  0.017  0.002
 222 L C   0.952  0.045  0.004
 223 D C   0.950  0.046  0.004
 224 A C   0.960  0.037  0.003
 225 A C   0.987  0.012  0.001
 226 N C   0.999  0.001  0.000
 227 P C   0.859  0.140  0.000
 228 S C   0.892  0.106  0.002
 229 S C   0.891  0.105  0.004
 230 I C   0.937  0.057  0.007
 231 L C   0.988  0.008  0.004
 232 P C   0.982  0.015  0.003
 233 Q C   0.815  0.183  0.002
 234 S C   0.807  0.189  0.004
 235 A C   0.801  0.195  0.004
 236 L C   0.914  0.083  0.003
 237 N C   0.946  0.051  0.002
 238 Q C   0.891  0.106  0.003
 239 S C   0.875  0.116  0.008
 240 E C   0.851  0.124  0.025
 241 Y C   0.815  0.108  0.077
 242 Y C   0.752  0.100  0.148
 243 K C   0.796  0.072  0.132
 244 V C   0.860  0.059  0.080
 245 T C   0.913  0.043  0.044
 246 N C   0.969  0.018  0.013
 247 G C   0.974  0.020  0.006
 248 S C   0.975  0.018  0.007
 249 M C   0.978  0.016  0.007
 250 S C   0.987  0.008  0.005
 251 N C   0.995  0.002  0.003
 252 D C   0.998  0.000  0.001
 253 P C   0.998  0.001  0.001
 254 Q C   0.995  0.003  0.003
 255 P C   0.965  0.031  0.003
 256 S C   0.943  0.045  0.012
 257 T C   0.880  0.077  0.043
 258 F C   0.809  0.112  0.080
 259 L C   0.786  0.120  0.094
 260 Y C   0.758  0.139  0.102
 261 S C   0.772  0.124  0.104
 262 L C   0.860  0.082  0.059
 263 H C   0.883  0.077  0.040
 264 N C   0.913  0.066  0.020
 265 H C   0.941  0.050  0.009
 266 S C   0.941  0.040  0.019
 267 A C   0.917  0.053  0.030
 268 D C   0.899  0.061  0.041
 269 L C   0.773  0.081  0.145
 270 V C   0.730  0.080  0.190
 271 I C   0.750  0.076  0.174
 272 N C   0.904  0.040  0.056
 273 N C   0.974  0.018  0.007
 274 D C   0.962  0.022  0.016
 275 L C   0.901  0.060  0.038
 276 E C   0.858  0.075  0.067
 277 F C   0.868  0.069  0.063
 278 S C   0.912  0.050  0.039
 279 N C   0.945  0.035  0.020
 280 A C   0.934  0.038  0.027
 281 S C   0.911  0.033  0.056
 282 F C   0.903  0.046  0.052
 283 D C   0.912  0.053  0.035
 284 S C   0.929  0.043  0.028
 285 I C   0.951  0.025  0.024
 286 G C   0.980  0.009  0.011
 287 G C   0.967  0.008  0.026
 288 V C   0.874  0.013  0.112
 289 S C   0.873  0.019  0.107
 290 V C   0.853  0.054  0.093
 291 S C   0.886  0.063  0.052
 292 A C   0.867  0.088  0.046
 293 A C   0.892  0.079  0.029
 294 A C   0.915  0.064  0.020
 295 T C   0.951  0.038  0.010
 296 G C   0.980  0.016  0.004
 297 A C   0.986  0.012  0.002
 298 G C   0.987  0.011  0.002
 299 A C   0.987  0.010  0.003
 300 G C   0.987  0.010  0.003
 301 A C   0.984  0.014  0.002
 302 G C   0.978  0.019  0.003
 303 D C   0.973  0.023  0.004
 304 Y C   0.973  0.021  0.006
 305 S C   0.969  0.021  0.010
 306 H C   0.957  0.027  0.016
 307 T C   0.953  0.026  0.021
 308 N C   0.942  0.026  0.031
 309 I C   0.934  0.035  0.031
 310 T C   0.937  0.034  0.029
 311 S C   0.944  0.036  0.020
 312 N C   0.952  0.036  0.012
 313 F C   0.930  0.041  0.029
 314 A C   0.920  0.041  0.039
 315 Q C   0.910  0.047  0.043
 316 T C   0.938  0.037  0.025
 317 N C   0.953  0.025  0.021
 318 L C   0.969  0.019  0.012
 319 H C   0.973  0.016  0.011
 320 S C   0.974  0.019  0.007
 321 S C   0.974  0.023  0.004
 322 S C   0.973  0.024  0.004
 323 Q C   0.975  0.019  0.006
 324 Q C   0.979  0.013  0.008
 325 S C   0.988  0.007  0.006
 326 G C   0.990  0.001  0.009
 327 V C   0.991  0.000  0.009
 328 L C   0.997  0.000  0.003
 329 P C   1.000  0.000  0.000
 330 P C   1.000  0.000  0.000
 331 P C   1.000  0.000  0.000
 332 P C   0.997  0.003  0.000
 333 S C   0.996  0.004  0.000
 334 L C   1.000  0.000  0.000
 335 P C   1.000  0.000  0.000
 336 P C   1.000  0.000  0.000
 337 P C   1.000  0.000  0.000
 338 P C   0.999  0.001  0.000
 339 T C   0.997  0.003  0.000
 340 S C   0.997  0.002  0.001
 341 L C   0.999  0.001  0.000
 342 P C   0.994  0.006  0.000
 343 S C   0.983  0.016  0.000
 344 Q C   0.957  0.042  0.001
 345 Q C   0.952  0.046  0.002
 346 S C   0.948  0.050  0.002
 347 Q C   0.952  0.045  0.003
 348 N C   0.953  0.043  0.004
 349 Q C   0.943  0.040  0.016
 350 Y C   0.917  0.035  0.048
 351 L C   0.902  0.040  0.058
 352 D C   0.912  0.028  0.060
 353 V C   0.955  0.006  0.039
 354 V C   0.976  0.001  0.024
 355 P C   0.998  0.001  0.001
 356 P C   0.764  0.236  0.000
 357 Q C   0.745  0.250  0.005
 358 Q C   0.747  0.242  0.010
 359 L C   0.840  0.148  0.012
 360 T C   0.927  0.061  0.012
 361 N C   0.935  0.062  0.003
 362 N C   0.936  0.063  0.001
 363 A C   0.931  0.062  0.007
 364 L C   0.929  0.053  0.019
 365 K C   0.927  0.050  0.023
 366 T C   0.943  0.041  0.016
 367 E C   0.947  0.039  0.014
 368 A C   0.961  0.028  0.011
 369 N C   0.987  0.011  0.002
 370 S C   0.996  0.004  0.001
 371 P C   0.979  0.019  0.001
 372 L C   0.951  0.027  0.022
 373 I C   0.924  0.034  0.042
 374 T C   0.932  0.032  0.036
 375 D C   0.957  0.024  0.019
 376 S C   0.951  0.038  0.011
 377 A C   0.943  0.043  0.014
 378 N C   0.940  0.041  0.019
 379 F C   0.945  0.029  0.026
 380 T C   0.950  0.018  0.031
 381 T C   0.968  0.011  0.020
 382 S C   0.989  0.003  0.008
 383 Q C   0.986  0.011  0.003
 384 P C   0.918  0.079  0.003
 385 Q C   0.887  0.088  0.025
 386 F C   0.863  0.103  0.034
 387 E C   0.876  0.093  0.030
 388 N C   0.916  0.069  0.015
 389 T C   0.911  0.068  0.021
 390 I C   0.859  0.106  0.035
 391 L C   0.866  0.100  0.035
 392 E C   0.877  0.092  0.031
 393 Q C   0.949  0.036  0.016
 394 S C   0.993  0.002  0.005
 395 P C   0.982  0.015  0.003
 396 I C   0.971  0.016  0.013
 397 F C   0.958  0.019  0.023
 398 S C   0.969  0.012  0.019
 399 N C   0.958  0.029  0.013
 400 S C   0.939  0.046  0.015
 401 T C   0.883  0.067  0.050
 402 I C   0.867  0.074  0.059
 403 L C   0.909  0.047  0.044
 404 S C   0.945  0.027  0.029
 405 G C   0.979  0.007  0.014
 406 I C   0.986  0.004  0.010
 407 D C   0.993  0.003  0.004
 408 E C   0.992  0.007  0.001
 409 P C   0.977  0.022  0.000
 410 S C   0.970  0.029  0.001
 411 K C   0.976  0.022  0.001
 412 E C   0.986  0.012  0.002
 413 K C   0.994  0.005  0.001
 414 S C   0.999  0.001  0.000
 415 P C   0.980  0.020  0.000
 416 N C   0.981  0.019  0.001
 417 M C   0.954  0.042  0.004
 418 L C   0.937  0.053  0.009
 419 N C   0.940  0.049  0.011
 420 S C   0.972  0.020  0.009
 421 T C   0.984  0.006  0.009
 422 L C   0.986  0.003  0.012
 423 P C   0.985  0.005  0.010
 424 L C   0.979  0.017  0.004
 425 S C   0.977  0.019  0.004
 426 K C   0.980  0.016  0.004
 427 S C   0.992  0.005  0.003
 428 T C   0.996  0.002  0.002
 429 P C   0.989  0.009  0.002
 430 H C   0.975  0.013  0.012
 431 H C   0.944  0.018  0.038
 432 I C   0.922  0.017  0.061
 433 Y C   0.940  0.004  0.056
 434 Q C   0.985  0.000  0.014
 435 P C   0.996  0.001  0.003
 436 S C   0.995  0.004  0.002
 437 S C   0.989  0.008  0.002
 438 S C   0.987  0.010  0.003
 439 S C   0.985  0.012  0.003
 440 S C   0.972  0.024  0.004
 441 S C   0.939  0.054  0.007
 442 H C   0.914  0.067  0.019
 443 V C   0.886  0.076  0.037
 444 R C   0.901  0.052  0.047
 445 H C   0.929  0.043  0.028
 446 N C   0.954  0.033  0.014
 447 K C   0.932  0.048  0.020
 448 I C   0.939  0.041  0.020
 449 T C   0.953  0.029  0.018
 450 K C   0.963  0.024  0.013
 451 K C   0.951  0.042  0.007
 452 S C   0.926  0.066  0.008
 453 S C   0.891  0.100  0.010
 454 L C   0.872  0.117  0.011
 455 S C   0.873  0.115  0.012
 456 R C   0.903  0.086  0.011
 457 L C   0.942  0.049  0.009
 458 N C   0.964  0.029  0.007
 459 T C   0.949  0.048  0.003
 460 S C   0.951  0.047  0.001
 461 S C   0.956  0.043  0.001
 462 K C   0.930  0.068  0.002
 463 K C   0.890  0.104  0.006
 464 N C   0.879  0.111  0.010
 465 L C   0.830  0.153  0.017
 466 R C   0.835  0.142  0.023
 467 A C   0.826  0.154  0.020
 468 N C   0.864  0.115  0.021
 469 L C   0.862  0.092  0.047
 470 V C   0.870  0.068  0.062
 471 H C   0.871  0.070  0.059
 472 S C   0.907  0.048  0.046
 473 L C   0.963  0.016  0.021
 474 S C   0.987  0.004  0.009
 475 T C   0.997  0.001  0.002
 476 P C   0.942  0.057  0.001
 477 T C   0.894  0.095  0.011
 478 E C   0.868  0.116  0.016
 479 L C   0.882  0.109  0.010
 480 D C   0.910  0.085  0.004
 481 D C   0.935  0.064  0.001
 482 A C   0.963  0.036  0.000
 483 N C   0.970  0.030  0.000
 484 N C   0.981  0.018  0.000
 485 N C   0.993  0.007  0.000
 486 N C   0.995  0.005  0.000
 487 N C   0.990  0.010  0.000
 488 N C   0.987  0.012  0.000
 489 D C   0.985  0.013  0.002
 490 I C   0.987  0.006  0.008
 491 V C   0.989  0.002  0.010
 492 T C   0.998  0.000  0.002
 493 P C   0.998  0.002  0.000
 494 P C   0.977  0.023  0.000
 495 K C   0.957  0.042  0.002
 496 T C   0.957  0.040  0.003
 497 L C   0.963  0.033  0.004
 498 S C   0.939  0.059  0.002
 499 P C   0.669  0.329  0.003
 500 L C   0.680  0.314  0.006
 501 L C   0.732  0.250  0.018
 502 R C   0.883  0.099  0.018
 503 K C   0.929  0.057  0.014
 504 K C   0.927  0.055  0.018
 505 T C   0.921  0.050  0.029
 506 S C   0.912  0.045  0.043
 507 F C   0.882  0.052  0.066
 508 I C   0.868  0.048  0.084
 509 N C   0.875  0.042  0.083
 510 V C   0.882  0.053  0.065
 511 K C   0.899  0.055  0.046
 512 K C   0.900  0.072  0.029
 513 E C   0.903  0.085  0.012
 514 N C   0.949  0.045  0.006
 515 D C   0.969  0.027  0.004
 516 I C   0.983  0.015  0.003
 517 D C   0.981  0.016  0.002
 518 D C   0.976  0.022  0.002
 519 S C   0.968  0.030  0.002
 520 H C   0.944  0.047  0.009
 521 D C   0.929  0.057  0.013
 522 I C   0.926  0.058  0.016
 523 N C   0.932  0.047  0.021
 524 C C   0.918  0.063  0.020
 525 K C   0.901  0.063  0.036
 526 N C   0.884  0.052  0.063
 527 F C   0.845  0.027  0.129
 528 S C   0.787  0.013  0.200
 529 I C   0.795  0.014  0.192
 530 D C   0.854  0.011  0.135
 531 I C   0.743  0.229  0.028
 532 D C   0.745  0.240  0.015
 533 D C   0.787  0.205  0.007
 534 M C   0.989  0.010  0.001
 535 D C   0.993  0.006  0.001
 536 D C   0.887  0.112  0.000
 537 E C   0.855  0.144  0.001
 538 D C   0.859  0.138  0.003
 539 V C   0.800  0.193  0.007
 540 L C   0.791  0.198  0.011
 541 S C   0.778  0.213  0.008
 542 D C   0.864  0.130  0.005
 543 F C   0.941  0.057  0.002
 544 S C   0.985  0.013  0.002
 545 Q C   0.998  0.000  0.001
 546 P C   1.000  0.000  0.000
 547 P C   1.000  0.000  0.000
 548 P C   1.000  0.000  0.000
 549 P C   0.999  0.000  0.001
 550 I C   0.994  0.001  0.005
 551 G C   0.992  0.001  0.007
 552 G C   0.985  0.003  0.012
 553 V C   0.977  0.004  0.019
 554 S C   0.984  0.007  0.009
 555 N C   0.840  0.157  0.003
 556 D C   0.848  0.151  0.001
 557 T C   0.845  0.149  0.006
 558 M C   0.872  0.109  0.019
 559 R C   0.877  0.091  0.032
 560 S C   0.895  0.062  0.044
 561 L C   0.919  0.031  0.050
 562 A C   0.958  0.005  0.036
 563 P C   0.965  0.004  0.030
 564 V C   0.963  0.004  0.032
 565 G C   0.975  0.003  0.022
 566 G C   0.939  0.006  0.055
 567 V C   0.892  0.007  0.101
 568 G C   0.905  0.010  0.085
 569 L C   0.938  0.012  0.050
 570 G C   0.970  0.013  0.016
 571 S C   0.979  0.015  0.006
 572 S C   0.982  0.014  0.004
 573 G C   0.978  0.015  0.007
 574 N C   0.940  0.021  0.039
 575 I C   0.919  0.026  0.054
 576 T C   0.923  0.026  0.050
 577 G C   0.930  0.018  0.052
 578 Y C   0.904  0.020  0.076
 579 R C   0.850  0.033  0.118
 580 S C   0.868  0.034  0.097
 581 L C   0.924  0.029  0.047
 582 S C   0.950  0.026  0.024
 583 N C   0.967  0.017  0.017
 584 A C   0.977  0.009  0.014
 585 S C   0.966  0.011  0.023
 586 S C   0.962  0.012  0.026
 587 T C   0.971  0.008  0.020
 588 S C   0.982  0.008  0.010
 589 S C   0.987  0.008  0.005
 590 H C   0.988  0.009  0.003
 591 G C   0.972  0.024  0.004
 592 S C   0.956  0.034  0.010
 593 H C   0.959  0.029  0.012
 594 H C   0.979  0.014  0.007
 595 G C   0.980  0.003  0.017
 596 L C   0.956  0.006  0.038
 597 P C   0.928  0.012  0.061
 598 V C   0.878  0.037  0.085
 599 M C   0.835  0.051  0.114
 600 N C   0.815  0.050  0.135
 601 I C   0.779  0.043  0.177
 602 F C   0.796  0.039  0.165
 603 R C   0.834  0.024  0.142
 604 H C   0.943  0.008  0.049
 605 N C   0.998  0.000  0.002
 606 P C   0.990  0.009  0.000
 607 D C   0.987  0.013  0.000
 608 S C   0.989  0.010  0.000
 609 T C   0.998  0.001  0.000
 610 K C   0.999  0.000  0.001
 611 P C   0.999  0.000  0.001
 612 S C   0.999  0.000  0.001
 613 T C   0.999  0.000  0.001
 614 P C   0.998  0.000  0.001
 615 S C   0.997  0.002  0.001
 616 P C   0.984  0.013  0.002
 617 I C   0.961  0.019  0.021
 618 L C   0.939  0.025  0.036
 619 S C   0.942  0.021  0.038
 620 T C   0.959  0.013  0.028
 621 A C   0.977  0.008  0.015
 622 S C   0.982  0.009  0.010
 623 S C   0.986  0.007  0.007
 624 S C   0.980  0.013  0.007
 625 S C   0.965  0.027  0.007
 626 T C   0.945  0.045  0.010
 627 L C   0.944  0.049  0.007
 628 S C   0.962  0.033  0.005
 629 N C   0.966  0.032  0.002
 630 K C   0.876  0.119  0.005
 631 K C   0.828  0.149  0.022
 632 V C   0.799  0.162  0.039
 633 V C   0.784  0.161  0.055
 634 K C   0.781  0.169  0.050
 635 K C   0.793  0.171  0.036
 636 L C   0.805  0.166  0.029
 637 R C   0.911  0.076  0.013
 638 G C   0.970  0.025  0.005
 639 R C   0.966  0.029  0.004
 640 K C   0.948  0.047  0.006
 641 S C   0.945  0.050  0.006
 642 K C   0.944  0.048  0.008
 643 T C   0.941  0.049  0.010
 644 K C   0.938  0.050  0.012
 645 M C   0.950  0.040  0.010
 646 N C   0.962  0.032  0.006
 647 K C   0.903  0.093  0.004
 648 S C   0.879  0.117  0.005
 649 S C   0.862  0.128  0.010
 650 I C   0.922  0.063  0.015
 651 K C   0.928  0.046  0.026
 652 T C   0.867  0.090  0.043
 653 E C   0.825  0.110  0.066
 654 Q C   0.806  0.123  0.070
 655 V C   0.838  0.102  0.060
 656 V C   0.893  0.066  0.040
 657 N C   0.960  0.028  0.012
 658 E C   0.987  0.007  0.006
 659 E C   0.991  0.006  0.003
 660 P C   0.945  0.053  0.002
 661 Q C   0.932  0.056  0.012
 662 V C   0.910  0.066  0.024
 663 K C   0.899  0.062  0.039
 664 N C   0.932  0.042  0.026
 665 Y C   0.953  0.027  0.020
 666 K C   0.955  0.028  0.016
 667 D C   0.977  0.021  0.003
 668 D C   0.987  0.013  0.000
 669 N C   0.996  0.004  0.000
 670 D C   0.996  0.004  0.000
 671 N C   0.997  0.003  0.000
 672 D C   0.997  0.003  0.000
 673 N C   0.997  0.003  0.000
 674 D C   0.997  0.003  0.000
 675 N C   0.998  0.002  0.000
 676 G C   0.998  0.002  0.000
 677 H C   0.998  0.002  0.001
 678 G C   0.996  0.003  0.001
 679 H C   0.993  0.005  0.002
 680 D C   0.992  0.006  0.002
 681 H C   0.989  0.008  0.002
 682 D C   0.985  0.012  0.002
 683 D C   0.986  0.013  0.001
 684 E C   0.990  0.009  0.001
 685 N C   0.993  0.006  0.001
 686 D C   0.996  0.003  0.001
 687 G C   0.992  0.003  0.005
 688 V C   0.977  0.003  0.020
 689 S C   0.971  0.005  0.024
 690 S C   0.977  0.007  0.016
 691 D C   0.980  0.007  0.014
 692 V C   0.983  0.006  0.010
 693 G C   0.983  0.007  0.010
 694 T C   0.986  0.005  0.008
 695 G C   0.990  0.004  0.006
 696 S C   0.991  0.003  0.006
 697 N C   0.993  0.002  0.005
 698 S C   0.994  0.000  0.005
 699 T C   0.996  0.001  0.004
 700 P C   0.992  0.004  0.004
 701 S C   0.981  0.005  0.014
 702 T C   0.965  0.010  0.025
 703 T C   0.961  0.010  0.029
 704 T C   0.970  0.010  0.020
 705 K C   0.978  0.012  0.010
 706 G C   0.984  0.009  0.007
 707 K C   0.945  0.014  0.041
 708 K C   0.907  0.016  0.077
 709 T C   0.880  0.017  0.103
 710 K C   0.847  0.016  0.137
 711 L C   0.867  0.013  0.121
 712 N C   0.861  0.013  0.126
 713 I C   0.833  0.023  0.144
 714 D C   0.848  0.024  0.127
 715 L C   0.952  0.021  0.026
 716 N C   0.972  0.017  0.011
 717 N C   0.987  0.010  0.004
 718 G C   0.997  0.002  0.002
 719 G C   0.997  0.001  0.002
 720 G C   0.995  0.002  0.003
 721 S C   0.994  0.002  0.004
 722 G C   0.992  0.002  0.005
 723 T C   0.990  0.003  0.008
 724 G C   0.989  0.003  0.007
 725 S C   0.986  0.003  0.011
 726 G C   0.981  0.005  0.015
 727 S C   0.966  0.006  0.028
 728 C C   0.971  0.005  0.023
 729 S C   0.979  0.004  0.016
 730 D C   0.986  0.006  0.008
 731 E C   0.986  0.007  0.007
 732 N C   0.988  0.005  0.006
 733 T C   0.990  0.004  0.006
 734 S C   0.992  0.002  0.006
 735 G C   0.995  0.001  0.003
 736 N C   0.996  0.001  0.004
 737 G C   0.995  0.001  0.004
 738 T C   0.986  0.001  0.012
 739 N C   0.986  0.002  0.012
 740 T C   0.988  0.003  0.008
 741 N C   0.991  0.004  0.005
 742 T C   0.990  0.006  0.004
 743 D C   0.991  0.006  0.004
 744 S C   0.989  0.007  0.004
 745 T C   0.987  0.008  0.005
 746 S C   0.983  0.010  0.007
 747 T C   0.988  0.006  0.005
 748 S C   0.996  0.002  0.003
 749 N C   0.997  0.002  0.001
 750 P C   0.926  0.072  0.002
 751 M C   0.908  0.082  0.010
 752 V C   0.913  0.067  0.020
 753 K C   0.927  0.049  0.024
 754 K C   0.919  0.055  0.026
 755 K C   0.885  0.087  0.027
 756 H C   0.877  0.096  0.027
 757 T C   0.887  0.086  0.027
 758 R C   0.893  0.073  0.034
 759 R C   0.892  0.067  0.041
 760 R C   0.900  0.059  0.041
 761 L C   0.927  0.040  0.033
 762 L C   0.961  0.017  0.023
 763 P C   0.926  0.056  0.018
 764 R C   0.813  0.180  0.007
 765 S C   0.819  0.176  0.005
 766 K C   0.840  0.154  0.006
 767 K C   0.909  0.075  0.015
 768 G C   0.866  0.038  0.096
 769 C C   0.674  0.039  0.287
 770 W C   0.473  0.139  0.388
 771 I C   0.437  0.212  0.351
 772 C C   0.582  0.214  0.203
 773 R C   0.612  0.241  0.147
 774 I C   0.662  0.205  0.132
 775 K C   0.659  0.189  0.151
 776 H C   0.713  0.108  0.179
 777 L C   0.801  0.033  0.165
 778 K C   0.845  0.014  0.141
 779 C C   0.890  0.053  0.058
 780 D C   0.919  0.053  0.028
 781 E C   0.824  0.039  0.137
 782 V C   0.703  0.013  0.284
 783 T C   0.558  0.021  0.421
 784 P C   0.639  0.032  0.329
 785 I C   0.776  0.025  0.199
 786 C C   0.898  0.034  0.068
 787 G C   0.655  0.335  0.010
 788 G H   0.372  0.619  0.009
 789 C H   0.293  0.687  0.020
 790 A H   0.192  0.795  0.013
 791 K H   0.211  0.769  0.020
 792 F H   0.431  0.538  0.031
 793 G C   0.858  0.103  0.040
 794 L C   0.864  0.074  0.062
 795 Q C   0.775  0.057  0.168
 796 C C   0.807  0.023  0.171
 797 D C   0.828  0.032  0.140
 798 Y C   0.852  0.049  0.099
 799 S C   0.892  0.046  0.062
 800 S C   0.941  0.026  0.033
 801 E C   0.980  0.010  0.010
 802 K C   0.981  0.009  0.010
 803 P C   0.914  0.070  0.016
 804 A C   0.791  0.147  0.063
 805 Y C   0.701  0.215  0.083
 806 V C   0.663  0.252  0.085
 807 T C   0.690  0.254  0.055
 808 D H   0.472  0.505  0.023
 809 K H   0.330  0.648  0.023
 810 I H   0.295  0.680  0.025
 811 L H   0.314  0.659  0.027
 812 R H   0.418  0.564  0.018
 813 Q H   0.456  0.532  0.012
 814 E C   0.530  0.461  0.009
 815 K C   0.592  0.399  0.009
 816 L C   0.648  0.341  0.011
 817 T C   0.633  0.344  0.023
 818 E C   0.514  0.443  0.043
 819 V H   0.445  0.512  0.042
 820 S H   0.445  0.508  0.048
 821 L H   0.424  0.535  0.041
 822 I H   0.406  0.550  0.044
 823 R H   0.401  0.559  0.040
 824 K H   0.483  0.500  0.018
 825 R H   0.484  0.512  0.005
 826 N C   0.563  0.435  0.002
 827 Q C   0.630  0.366  0.004
 828 A C   0.648  0.345  0.007
 829 K C   0.710  0.281  0.009
 830 T C   0.763  0.224  0.013
 831 K C   0.774  0.198  0.027
 832 I C   0.792  0.181  0.026
 833 S C   0.832  0.142  0.026
 834 R C   0.877  0.099  0.025
 835 K C   0.897  0.091  0.012
 836 K C   0.889  0.104  0.008
 837 S C   0.893  0.103  0.004
 838 S C   0.872  0.125  0.003
 839 N C   0.883  0.115  0.002
 840 D C   0.862  0.136  0.002
 841 I C   0.866  0.129  0.005
 842 T C   0.837  0.157  0.006
 843 N C   0.741  0.255  0.004
 844 D C   0.712  0.282  0.006
