# PSIPRED VFORMAT (S4PRED V1.2.4)

   1 M C   1.000  0.000  0.000
   2 P C   1.000  0.000  0.000
   3 L C   0.995  0.005  0.000
   4 S C   0.994  0.006  0.001
   5 N C   0.989  0.011  0.001
   6 G C   0.991  0.008  0.001
   7 G C   0.986  0.013  0.001
   8 M C   0.968  0.031  0.002
   9 E C   0.970  0.027  0.003
  10 D C   0.968  0.029  0.003
  11 M C   0.971  0.027  0.003
  12 G C   0.953  0.038  0.009
  13 M C   0.954  0.035  0.011
  14 Y C   0.971  0.020  0.008
  15 G C   0.995  0.001  0.004
  16 S C   0.998  0.000  0.002
  17 P C   0.954  0.042  0.004
  18 M C   0.909  0.064  0.027
  19 E C   0.864  0.069  0.067
  20 V C   0.830  0.078  0.092
  21 Q C   0.833  0.077  0.090
  22 T C   0.836  0.086  0.078
  23 T C   0.810  0.082  0.108
  24 I C   0.645  0.192  0.163
  25 F C   0.614  0.246  0.140
  26 D C   0.647  0.266  0.087
  27 Q C   0.761  0.211  0.028
  28 V C   0.760  0.222  0.018
  29 D C   0.755  0.241  0.004
  30 N C   0.731  0.262  0.007
  31 Y C   0.683  0.251  0.066
  32 L C   0.626  0.275  0.099
  33 H C   0.686  0.224  0.091
  34 M C   0.747  0.178  0.074
  35 V C   0.834  0.122  0.044
  36 N C   0.966  0.026  0.008
  37 G C   0.990  0.009  0.001
  38 E C   0.980  0.018  0.002
  39 E C   0.945  0.052  0.003
  40 D C   0.899  0.100  0.002
  41 E C   0.791  0.204  0.005
  42 K C   0.747  0.237  0.016
  43 K C   0.777  0.189  0.035
  44 A C   0.823  0.117  0.059
  45 E C   0.843  0.084  0.074
  46 I C   0.877  0.049  0.074
  47 D C   0.901  0.033  0.066
  48 F C   0.836  0.100  0.064
  49 D C   0.807  0.111  0.082
  50 V C   0.806  0.131  0.062
  51 H C   0.864  0.096  0.039
  52 K C   0.801  0.178  0.021
  53 E C   0.821  0.160  0.019
  54 S C   0.821  0.124  0.055
  55 I C   0.915  0.019  0.065
  56 V C   0.967  0.002  0.031
  57 P C   0.981  0.006  0.013
  58 N C   0.989  0.009  0.001
  59 D C   0.985  0.014  0.001
  60 G C   0.947  0.047  0.006
  61 L C   0.893  0.067  0.040
  62 E C   0.838  0.086  0.076
  63 L C   0.624  0.280  0.096
  64 E C   0.592  0.298  0.110
  65 E C   0.585  0.289  0.126
  66 L C   0.672  0.200  0.128
  67 Q C   0.743  0.122  0.134
  68 F C   0.728  0.146  0.126
  69 D C   0.728  0.147  0.125
  70 L C   0.826  0.103  0.071
  71 H C   0.863  0.100  0.037
  72 N C   0.843  0.147  0.009
  73 D C   0.811  0.188  0.001
  74 H C   0.815  0.182  0.003
  75 M C   0.769  0.225  0.007
  76 N C   0.752  0.240  0.009
  77 S C   0.758  0.224  0.018
  78 F C   0.750  0.201  0.050
  79 V C   0.752  0.187  0.061
  80 G C   0.772  0.176  0.052
  81 V C   0.784  0.163  0.053
  82 M C   0.793  0.163  0.044
  83 N C   0.843  0.130  0.027
  84 H C   0.920  0.065  0.015
  85 G C   0.906  0.051  0.043
  86 L C   0.850  0.043  0.108
  87 H C   0.858  0.029  0.113
  88 L C   0.876  0.022  0.102
  89 D C   0.877  0.021  0.103
  90 I C   0.908  0.024  0.068
  91 H C   0.938  0.023  0.039
  92 D C   0.978  0.016  0.006
  93 D C   0.983  0.016  0.001
  94 E C   0.984  0.014  0.002
  95 N C   0.982  0.015  0.003
  96 V C   0.976  0.016  0.007
  97 S C   0.973  0.018  0.009
  98 S C   0.976  0.017  0.007
  99 H C   0.984  0.011  0.006
 100 D C   0.988  0.008  0.004
 101 S C   0.994  0.004  0.002
 102 S C   0.997  0.002  0.001
 103 A C   0.998  0.001  0.000
 104 P C   0.994  0.006  0.000
 105 K C   0.991  0.008  0.001
 106 D C   0.992  0.007  0.000
 107 T C   0.974  0.026  0.000
 108 P C   0.873  0.127  0.001
 109 S C   0.874  0.121  0.005
 110 L C   0.743  0.238  0.019
 111 L C   0.737  0.236  0.027
 112 A C   0.777  0.199  0.024
 113 R C   0.817  0.166  0.018
 114 N C   0.863  0.126  0.011
 115 S C   0.863  0.094  0.044
 116 I C   0.766  0.108  0.126
 117 Q C   0.780  0.097  0.124
 118 L C   0.859  0.069  0.072
 119 T C   0.890  0.059  0.051
 120 Q C   0.892  0.065  0.042
 121 E C   0.927  0.058  0.015
 122 G C   0.940  0.054  0.007
 123 S C   0.946  0.049  0.004
 124 N C   0.945  0.052  0.003
 125 S C   0.939  0.053  0.008
 126 A C   0.925  0.055  0.020
 127 L C   0.921  0.044  0.036
 128 T C   0.955  0.015  0.030
 129 T C   0.965  0.017  0.019
 130 P C   0.944  0.045  0.011
 131 F C   0.901  0.050  0.049
 132 L C   0.889  0.053  0.058
 133 S C   0.921  0.028  0.051
 134 G C   0.934  0.017  0.049
 135 K C   0.934  0.015  0.050
 136 V C   0.942  0.023  0.035
 137 E C   0.962  0.017  0.021
 138 D C   0.980  0.011  0.009
 139 G C   0.995  0.003  0.002
 140 N C   0.996  0.002  0.003
 141 E C   0.982  0.005  0.013
 142 P C   0.964  0.017  0.019
 143 I C   0.924  0.027  0.048
 144 H C   0.880  0.036  0.084
 145 Y C   0.886  0.034  0.080
 146 N C   0.924  0.024  0.053
 147 R C   0.845  0.128  0.027
 148 T C   0.841  0.130  0.028
 149 Q C   0.837  0.134  0.028
 150 L C   0.895  0.089  0.016
 151 G C   0.925  0.063  0.011
 152 K C   0.945  0.046  0.009
 153 A C   0.956  0.034  0.010
 154 G C   0.954  0.031  0.015
 155 A C   0.942  0.037  0.021
 156 K C   0.907  0.029  0.065
 157 F C   0.935  0.011  0.054
 158 S C   0.969  0.005  0.026
 159 P C   0.976  0.008  0.016
 160 L C   0.990  0.005  0.005
 161 S C   0.992  0.003  0.005
 162 S C   0.994  0.005  0.002
 163 P C   0.963  0.036  0.001
 164 A C   0.964  0.032  0.005
 165 L C   0.964  0.027  0.009
 166 T C   0.966  0.025  0.010
 167 S C   0.971  0.022  0.007
 168 T C   0.979  0.017  0.004
 169 Q C   0.985  0.012  0.004
 170 Q C   0.992  0.005  0.003
 171 Q C   0.997  0.001  0.002
 172 P C   0.996  0.002  0.002
 173 W C   0.998  0.001  0.001
 174 K C   0.995  0.002  0.003
 175 P C   0.973  0.025  0.002
 176 S C   0.975  0.024  0.001
 177 S C   0.965  0.032  0.003
 178 R C   0.964  0.030  0.006
 179 R C   0.965  0.024  0.011
 180 A C   0.973  0.017  0.010
 181 S C   0.979  0.013  0.008
 182 N C   0.984  0.010  0.006
 183 S C   0.985  0.010  0.005
 184 S C   0.980  0.014  0.006
 185 S C   0.961  0.031  0.008
 186 R C   0.947  0.042  0.011
 187 S C   0.934  0.037  0.029
 188 K C   0.895  0.035  0.071
 189 R C   0.837  0.042  0.122
 190 I C   0.742  0.050  0.208
 191 M C   0.751  0.036  0.213
 192 V C   0.830  0.023  0.147
 193 S C   0.916  0.011  0.073
 194 G C   0.984  0.004  0.012
 195 N C   0.988  0.004  0.007
 196 S C   0.977  0.011  0.012
 197 S C   0.963  0.017  0.020
 198 V C   0.956  0.019  0.025
 199 S C   0.961  0.019  0.019
 200 S C   0.956  0.033  0.011
 201 S C   0.957  0.037  0.006
 202 S C   0.960  0.035  0.005
 203 N C   0.963  0.031  0.006
 204 K C   0.914  0.055  0.031
 205 I C   0.860  0.072  0.068
 206 V C   0.859  0.070  0.071
 207 K C   0.907  0.052  0.040
 208 N C   0.977  0.014  0.009
 209 S C   0.994  0.003  0.003
 210 P C   0.961  0.037  0.002
 211 Y C   0.959  0.034  0.008
 212 M C   0.946  0.038  0.016
 213 N C   0.947  0.038  0.015
 214 A C   0.891  0.098  0.012
 215 S C   0.885  0.108  0.007
 216 S C   0.852  0.138  0.009
 217 R C   0.800  0.181  0.019
 218 R C   0.793  0.174  0.033
 219 L C   0.814  0.143  0.043
 220 Q C   0.795  0.156  0.050
 221 K C   0.791  0.152  0.057
 222 T C   0.781  0.132  0.087
 223 I C   0.769  0.133  0.098
 224 S C   0.846  0.098  0.057
 225 H C   0.942  0.042  0.016
 226 G C   0.980  0.016  0.004
 227 S C   0.985  0.011  0.003
 228 G C   0.982  0.010  0.008
 229 V C   0.972  0.010  0.018
 230 K C   0.966  0.012  0.021
 231 R C   0.776  0.209  0.015
 232 D C   0.783  0.210  0.007
 233 E C   0.774  0.216  0.010
 234 W C   0.767  0.211  0.022
 235 D C   0.713  0.241  0.047
 236 E C   0.632  0.263  0.105
 237 F C   0.622  0.245  0.132
 238 M C   0.617  0.214  0.170
 239 F C   0.684  0.158  0.158
 240 S C   0.834  0.045  0.121
 241 L C   0.984  0.002  0.014
 242 P C   0.981  0.009  0.009
 243 E C   0.813  0.186  0.001
 244 S C   0.812  0.187  0.002
 245 S C   0.809  0.189  0.002
 246 L C   0.948  0.051  0.001
 247 G C   0.996  0.004  0.001
 248 N C   0.998  0.001  0.001
 249 D C   0.997  0.003  0.001
 250 K C   0.993  0.007  0.000
 251 D C   0.992  0.008  0.000
 252 D C   0.988  0.012  0.000
 253 D C   0.967  0.033  0.000
 254 N C   0.946  0.054  0.000
 255 E C   0.904  0.095  0.001
 256 L C   0.858  0.139  0.003
 257 S C   0.815  0.179  0.006
 258 E C   0.560  0.432  0.009
 259 I H   0.445  0.544  0.011
 260 E C   0.549  0.436  0.015
 261 K C   0.643  0.346  0.011
 262 K C   0.711  0.285  0.004
 263 N C   0.860  0.139  0.001
 264 S C   0.941  0.059  0.000
 265 N C   0.935  0.065  0.000
 266 E C   0.815  0.184  0.001
 267 S C   0.796  0.202  0.003
 268 F C   0.757  0.237  0.006
 269 K C   0.791  0.203  0.006
 270 N C   0.824  0.171  0.005
 271 S C   0.919  0.076  0.006
 272 G C   0.933  0.056  0.010
 273 L C   0.899  0.083  0.019
 274 L C   0.861  0.097  0.042
 275 D C   0.873  0.084  0.042
 276 L C   0.872  0.118  0.010
 277 S C   0.858  0.136  0.006
 278 Q C   0.872  0.124  0.004
 279 N C   0.922  0.076  0.002
 280 N C   0.981  0.018  0.000
 281 G C   0.998  0.001  0.001
 282 Y C   0.994  0.001  0.006
 283 P C   0.985  0.002  0.013
 284 K C   0.870  0.004  0.125
 285 V C   0.746  0.006  0.248
 286 I C   0.748  0.004  0.248
 287 L C   0.934  0.001  0.065
 288 P C   0.963  0.006  0.031
 289 S C   0.967  0.030  0.003
 290 N C   0.934  0.065  0.001
 291 S C   0.904  0.093  0.003
 292 L C   0.891  0.102  0.007
 293 E C   0.932  0.059  0.009
 294 N C   0.947  0.046  0.007
 295 K C   0.951  0.045  0.004
 296 N C   0.953  0.044  0.003
 297 E C   0.943  0.050  0.007
 298 N C   0.934  0.055  0.011
 299 F C   0.890  0.062  0.047
 300 I C   0.834  0.078  0.088
 301 Q C   0.839  0.067  0.094
 302 L C   0.912  0.042  0.046
 303 N C   0.971  0.014  0.015
 304 T C   0.983  0.014  0.004
 305 P C   0.929  0.067  0.004
 306 Y C   0.927  0.059  0.015
 307 M C   0.930  0.050  0.019
 308 Q C   0.972  0.017  0.012
 309 E C   0.996  0.002  0.002
 310 P C   0.979  0.020  0.001
 311 S C   0.950  0.044  0.006
 312 A C   0.865  0.114  0.021
 313 Q C   0.839  0.114  0.047
 314 V C   0.844  0.103  0.052
 315 E C   0.880  0.073  0.047
 316 N C   0.927  0.054  0.019
 317 N C   0.951  0.039  0.010
 318 Y C   0.948  0.025  0.027
 319 T C   0.939  0.021  0.041
 320 K C   0.945  0.014  0.041
 321 S C   0.969  0.010  0.022
 322 R C   0.977  0.006  0.017
 323 S C   0.987  0.003  0.010
 324 G C   0.988  0.002  0.011
 325 T C   0.985  0.002  0.013
 326 S C   0.982  0.005  0.013
 327 T C   0.979  0.010  0.010
 328 E C   0.980  0.010  0.010
 329 N C   0.986  0.009  0.006
 330 N C   0.988  0.007  0.006
 331 S C   0.982  0.003  0.015
 332 V C   0.986  0.000  0.014
 333 S C   0.994  0.000  0.005
 334 P C   0.947  0.050  0.004
 335 S C   0.943  0.046  0.011
 336 Y C   0.915  0.062  0.023
 337 R C   0.935  0.041  0.024
 338 S C   0.957  0.033  0.011
 339 D C   0.966  0.026  0.008
 340 T C   0.916  0.031  0.053
 341 I C   0.829  0.038  0.133
 342 L C   0.786  0.039  0.175
 343 M C   0.791  0.041  0.168
 344 A C   0.845  0.029  0.125
 345 T C   0.890  0.013  0.097
 346 E C   0.960  0.003  0.037
 347 S C   0.990  0.000  0.010
 348 P C   0.990  0.003  0.007
 349 V C   0.931  0.002  0.067
 350 I C   0.922  0.002  0.076
 351 R C   0.967  0.001  0.032
 352 P C   0.983  0.003  0.014
 353 S C   0.991  0.006  0.003
 354 K C   0.983  0.013  0.003
 355 S C   0.982  0.014  0.004
 356 S C   0.966  0.024  0.010
 357 T C   0.947  0.039  0.013
 358 T C   0.940  0.039  0.021
 359 L C   0.938  0.036  0.026
 360 K C   0.949  0.027  0.024
 361 H C   0.949  0.022  0.029
 362 S C   0.951  0.018  0.032
 363 R C   0.957  0.013  0.030
 364 H C   0.965  0.012  0.022
 365 S C   0.966  0.016  0.017
 366 S C   0.955  0.029  0.016
 367 S C   0.935  0.038  0.027
 368 T C   0.886  0.055  0.059
 369 K C   0.811  0.079  0.111
 370 L C   0.786  0.078  0.136
 371 F C   0.752  0.064  0.184
 372 K C   0.811  0.025  0.164
 373 L C   0.985  0.008  0.008
 374 P C   0.962  0.036  0.002
 375 N C   0.922  0.077  0.001
 376 E C   0.901  0.096  0.003
 377 L C   0.898  0.096  0.005
 378 N C   0.961  0.035  0.003
 379 A C   0.990  0.009  0.001
 380 G C   0.993  0.006  0.001
 381 E C   0.995  0.004  0.001
 382 N C   0.997  0.003  0.000
 383 D C   0.997  0.003  0.000
 384 N C   0.998  0.001  0.000
 385 S C   0.999  0.001  0.000
 386 K C   0.998  0.001  0.001
 387 P C   0.994  0.005  0.001
 388 A C   0.985  0.011  0.005
 389 S C   0.978  0.009  0.014
 390 V C   0.981  0.004  0.015
 391 E C   0.983  0.003  0.014
 392 P C   0.983  0.009  0.008
 393 T C   0.984  0.011  0.005
 394 R C   0.986  0.007  0.007
 395 N C   0.994  0.001  0.005
 396 T C   0.995  0.001  0.004
 397 P C   0.994  0.003  0.003
 398 I C   0.990  0.009  0.001
 399 S C   0.989  0.009  0.002
 400 N C   0.992  0.006  0.002
 401 K C   0.997  0.001  0.001
 402 P C   0.992  0.006  0.003
 403 K C   0.978  0.011  0.010
 404 R C   0.968  0.015  0.017
 405 S C   0.973  0.014  0.012
 406 G C   0.973  0.013  0.014
 407 S C   0.966  0.021  0.013
 408 I C   0.945  0.034  0.021
 409 T C   0.935  0.039  0.026
 410 K C   0.927  0.046  0.027
 411 A C   0.936  0.050  0.014
 412 R C   0.933  0.055  0.013
 413 S C   0.958  0.037  0.005
 414 N C   0.981  0.018  0.001
 415 S C   0.987  0.012  0.001
 416 T C   0.970  0.029  0.001
 417 S C   0.939  0.060  0.001
 418 Q C   0.693  0.307  0.000
 419 E C   0.669  0.330  0.001
 420 D C   0.612  0.387  0.001
 421 S C   0.505  0.495  0.001
 422 I H   0.375  0.624  0.001
 423 Q H   0.324  0.674  0.002
 424 R H   0.338  0.660  0.002
 425 K H   0.326  0.673  0.002
 426 K H   0.262  0.736  0.002
 427 E H   0.246  0.750  0.004
 428 V H   0.247  0.750  0.003
 429 H H   0.303  0.696  0.001
 430 K H   0.342  0.657  0.000
 431 N H   0.313  0.687  0.000
 432 A H   0.130  0.870  0.000
 433 E H   0.096  0.904  0.000
 434 Q H   0.042  0.958  0.000
 435 E H   0.035  0.965  0.000
 436 R H   0.039  0.961  0.000
 437 R H   0.048  0.952  0.000
 438 N H   0.059  0.941  0.000
 439 R H   0.043  0.957  0.000
 440 L H   0.045  0.955  0.000
 441 N H   0.057  0.943  0.000
 442 N H   0.037  0.963  0.000
 443 A H   0.031  0.969  0.000
 444 L H   0.036  0.964  0.000
 445 S H   0.032  0.968  0.000
 446 E H   0.035  0.965  0.000
 447 L H   0.052  0.948  0.000
 448 N H   0.089  0.911  0.000
 449 S H   0.215  0.785  0.000
 450 L H   0.408  0.592  0.000
 451 L C   0.978  0.022  0.000
 452 P C   0.955  0.044  0.000
 453 K H   0.313  0.686  0.001
 454 E H   0.273  0.725  0.001
 455 W H   0.209  0.789  0.002
 456 K H   0.306  0.690  0.004
 457 D H   0.401  0.596  0.003
 458 S C   0.631  0.360  0.009
 459 V C   0.829  0.121  0.050
 460 A C   0.875  0.068  0.057
 461 I C   0.922  0.047  0.031
 462 P C   0.909  0.077  0.013
 463 S C   0.873  0.125  0.002
 464 K C   0.523  0.475  0.002
 465 A C   0.591  0.407  0.002
 466 T H   0.482  0.515  0.003
 467 T H   0.258  0.739  0.003
 468 A H   0.082  0.915  0.003
 469 Q H   0.051  0.946  0.003
 470 L H   0.043  0.953  0.004
 471 A H   0.042  0.955  0.003
 472 C H   0.038  0.960  0.002
 473 K H   0.023  0.975  0.002
 474 Y H   0.017  0.981  0.002
 475 I H   0.019  0.980  0.001
 476 R H   0.021  0.978  0.001
 477 K H   0.022  0.978  0.001
 478 L H   0.028  0.971  0.001
 479 E H   0.015  0.984  0.001
 480 A H   0.017  0.982  0.001
 481 E H   0.027  0.972  0.001
 482 L H   0.050  0.948  0.002
 483 E H   0.070  0.928  0.002
 484 H H   0.083  0.915  0.002
 485 Y H   0.109  0.889  0.001
 486 R H   0.184  0.815  0.001
 487 N H   0.310  0.689  0.001
 488 A C   0.539  0.459  0.002
 489 * H   0.392  0.600  0.008
