# PSIPRED VFORMAT (S4PRED V1.2.4)

   1 M C   1.000  0.000  0.000
   2 K C   0.960  0.033  0.007
   3 L C   0.849  0.134  0.017
   4 L C   0.840  0.145  0.016
   5 S C   0.769  0.223  0.008
   6 S C   0.672  0.323  0.004
   7 I H   0.279  0.717  0.004
   8 E H   0.320  0.675  0.005
   9 Q H   0.328  0.664  0.008
  10 A H   0.312  0.685  0.004
  11 C H   0.412  0.586  0.001
  12 D H   0.228  0.771  0.001
  13 I H   0.153  0.845  0.002
  14 C H   0.236  0.760  0.003
  15 R H   0.300  0.695  0.005
  16 L H   0.369  0.624  0.007
  17 K C   0.625  0.367  0.009
  18 K C   0.786  0.204  0.010
  19 L C   0.908  0.082  0.010
  20 K C   0.865  0.089  0.045
  21 C C   0.905  0.054  0.042
  22 S C   0.919  0.058  0.023
  23 K C   0.941  0.041  0.018
  24 E C   0.954  0.031  0.015
  25 K C   0.972  0.019  0.009
  26 P C   0.927  0.061  0.012
  27 K C   0.882  0.092  0.026
  28 C C   0.759  0.197  0.044
  29 A H   0.379  0.594  0.027
  30 K H   0.278  0.693  0.029
  31 C H   0.270  0.704  0.027
  32 L H   0.336  0.652  0.011
  33 K H   0.409  0.583  0.008
  34 N C   0.719  0.269  0.013
  35 N C   0.839  0.120  0.041
  36 W C   0.676  0.125  0.198
  37 E C   0.446  0.131  0.422
  38 C C   0.491  0.112  0.396
  39 R C   0.578  0.083  0.339
  40 Y C   0.723  0.028  0.250
  41 S C   0.945  0.003  0.052
  42 P C   0.922  0.060  0.019
  43 K C   0.908  0.084  0.008
  44 T C   0.908  0.073  0.019
  45 K C   0.909  0.049  0.041
  46 R C   0.924  0.011  0.065
  47 S C   0.924  0.005  0.071
  48 P C   0.881  0.071  0.048
  49 L C   0.902  0.073  0.025
  50 T C   0.864  0.117  0.020
  51 R H   0.087  0.906  0.007
  52 A H   0.074  0.920  0.005
  53 H H   0.093  0.901  0.005
  54 L H   0.050  0.946  0.004
  55 T H   0.050  0.946  0.003
  56 E H   0.040  0.957  0.003
  57 V H   0.031  0.966  0.002
  58 E H   0.029  0.970  0.001
  59 S H   0.041  0.958  0.001
  60 R H   0.026  0.974  0.000
  61 L H   0.028  0.971  0.000
  62 E H   0.033  0.967  0.000
  63 R H   0.037  0.963  0.000
  64 L H   0.044  0.956  0.001
  65 E H   0.037  0.962  0.001
  66 Q H   0.052  0.946  0.002
  67 L H   0.081  0.913  0.005
  68 F H   0.107  0.877  0.016
  69 L H   0.201  0.776  0.023
  70 L H   0.234  0.728  0.038
  71 I H   0.332  0.624  0.044
  72 F C   0.942  0.020  0.038
  73 P C   0.935  0.034  0.031
  74 R H   0.438  0.561  0.001
  75 E H   0.446  0.554  0.000
  76 D H   0.428  0.571  0.000
  77 L H   0.162  0.834  0.003
  78 D H   0.144  0.848  0.008
  79 M H   0.091  0.890  0.019
  80 I H   0.122  0.850  0.028
  81 L H   0.239  0.724  0.038
  82 K C   0.671  0.297  0.031
  83 M C   0.875  0.108  0.017
  84 D C   0.882  0.114  0.004
  85 S C   0.764  0.234  0.002
  86 L H   0.140  0.860  0.001
  87 Q H   0.106  0.893  0.001
  88 D H   0.095  0.904  0.001
  89 I H   0.042  0.957  0.001
  90 K H   0.028  0.970  0.002
  91 A H   0.038  0.959  0.003
  92 L H   0.048  0.949  0.004
  93 L H   0.105  0.891  0.004
  94 T H   0.268  0.728  0.004
  95 G C   0.500  0.496  0.004
  96 L C   0.614  0.377  0.009
  97 F C   0.663  0.318  0.019
  98 V C   0.816  0.160  0.023
  99 Q C   0.875  0.104  0.021
 100 D C   0.919  0.067  0.014
 101 N C   0.926  0.066  0.008
 102 V C   0.950  0.039  0.012
 103 N C   0.966  0.025  0.009
 104 K C   0.789  0.205  0.006
 105 D C   0.806  0.190  0.004
 106 A C   0.768  0.226  0.006
 107 V C   0.735  0.251  0.014
 108 T C   0.711  0.272  0.017
 109 D C   0.722  0.259  0.019
 110 R C   0.693  0.281  0.026
 111 L C   0.693  0.270  0.037
 112 A C   0.717  0.238  0.045
 113 S C   0.781  0.171  0.048
 114 V C   0.849  0.097  0.054
 115 E C   0.875  0.072  0.054
 116 T C   0.914  0.053  0.033
 117 D C   0.937  0.047  0.016
 118 M C   0.945  0.042  0.013
 119 P C   0.926  0.061  0.013
 120 L C   0.812  0.142  0.045
 121 T C   0.774  0.152  0.074
 122 L C   0.729  0.191  0.079
 123 R C   0.745  0.180  0.075
 124 Q C   0.753  0.179  0.068
 125 H C   0.802  0.135  0.063
 126 R C   0.808  0.103  0.088
 127 I C   0.848  0.088  0.064
 128 S C   0.889  0.068  0.044
 129 A C   0.930  0.040  0.030
 130 T C   0.957  0.020  0.023
 131 S C   0.967  0.013  0.020
 132 S C   0.976  0.010  0.014
 133 S C   0.965  0.024  0.010
 134 E C   0.924  0.063  0.013
 135 E C   0.915  0.072  0.013
 136 S C   0.920  0.072  0.008
 137 S C   0.941  0.054  0.005
 138 N C   0.950  0.046  0.004
 139 K C   0.949  0.045  0.006
 140 G C   0.951  0.033  0.016
 141 Q C   0.933  0.030  0.037
 142 R C   0.919  0.028  0.053
 143 Q C   0.897  0.021  0.082
 144 L C   0.872  0.019  0.109
 145 T C   0.866  0.011  0.123
 146 V C   0.878  0.004  0.118
 147 S C   0.971  0.001  0.029
 148 P C   0.976  0.011  0.013
 149 E C   0.970  0.013  0.018
 150 F C   0.986  0.007  0.007
 151 P C   0.982  0.016  0.002
 152 D C   0.979  0.021  0.001
 153 N C   0.984  0.015  0.001
 154 G C   0.976  0.016  0.008
 155 H C   0.937  0.020  0.043
 156 F C   0.898  0.036  0.066
 157 D C   0.890  0.039  0.071
 158 M C   0.822  0.068  0.110
 159 V C   0.798  0.062  0.140
 160 D C   0.748  0.087  0.165
 161 L C   0.803  0.054  0.143
 162 H C   0.849  0.034  0.117
 163 F C   0.895  0.017  0.088
 164 G C   0.953  0.012  0.036
 165 P C   0.966  0.017  0.017
 166 T C   0.904  0.016  0.080
 167 L C   0.896  0.011  0.092
 168 T C   0.925  0.005  0.071
 169 T C   0.969  0.007  0.024
 170 D C   0.989  0.008  0.003
 171 D C   0.992  0.007  0.001
 172 D C   0.995  0.005  0.000
 173 P C   0.758  0.241  0.001
 174 T C   0.734  0.263  0.004
 175 K C   0.668  0.321  0.011
 176 M C   0.660  0.313  0.028
 177 A C   0.630  0.326  0.043
 178 E C   0.640  0.313  0.047
 179 L C   0.748  0.210  0.043
 180 Q C   0.818  0.136  0.046
 181 H C   0.847  0.102  0.051
 182 T C   0.853  0.070  0.076
 183 T C   0.794  0.066  0.139
 184 I C   0.795  0.057  0.148
 185 H C   0.844  0.048  0.108
 186 H C   0.894  0.039  0.068
 187 G C   0.922  0.018  0.060
 188 H C   0.862  0.016  0.122
 189 L C   0.853  0.019  0.129
 190 D C   0.914  0.016  0.070
 191 V C   0.953  0.015  0.032
 192 N C   0.984  0.008  0.008
 193 G C   0.992  0.005  0.002
 194 N C   0.985  0.006  0.009
 195 R C   0.970  0.012  0.018
 196 S C   0.960  0.029  0.011
 197 D C   0.953  0.039  0.008
 198 S C   0.953  0.039  0.008
 199 L C   0.971  0.020  0.010
 200 F C   0.986  0.002  0.013
 201 S C   0.997  0.000  0.002
 202 P C   0.991  0.007  0.002
