# PSIPRED VFORMAT (S4PRED V1.2.4)

   1 M C   1.000  0.000  0.000
   2 K C   0.959  0.036  0.005
   3 L C   0.838  0.149  0.013
   4 L C   0.829  0.159  0.012
   5 S C   0.748  0.246  0.006
   6 S C   0.639  0.357  0.003
   7 I H   0.228  0.770  0.002
   8 E H   0.266  0.730  0.003
   9 Q H   0.276  0.719  0.005
  10 A H   0.262  0.735  0.002
  11 C H   0.367  0.632  0.001
  12 D H   0.198  0.802  0.001
  13 I H   0.128  0.870  0.002
  14 C H   0.210  0.787  0.002
  15 R H   0.282  0.715  0.003
  16 L H   0.349  0.645  0.006
  17 K C   0.612  0.381  0.007
  18 K C   0.776  0.216  0.008
  19 L C   0.901  0.090  0.008
  20 K C   0.863  0.099  0.038
  21 C C   0.905  0.059  0.036
  22 S C   0.918  0.061  0.021
  23 K C   0.940  0.044  0.016
  24 E C   0.954  0.033  0.013
  25 K C   0.971  0.020  0.008
  26 P C   0.923  0.066  0.011
  27 K C   0.878  0.098  0.024
  28 C C   0.752  0.209  0.040
  29 A H   0.351  0.626  0.024
  30 K H   0.256  0.719  0.025
  31 C H   0.248  0.729  0.024
  32 L H   0.315  0.676  0.010
  33 K H   0.388  0.605  0.007
  34 N C   0.703  0.286  0.011
  35 N C   0.833  0.130  0.036
  36 W C   0.678  0.135  0.188
  37 E C   0.452  0.143  0.405
  38 C C   0.498  0.122  0.380
  39 R C   0.590  0.089  0.321
  40 Y C   0.730  0.030  0.241
  41 S C   0.948  0.003  0.049
  42 P C   0.922  0.060  0.017
  43 K C   0.908  0.084  0.008
  44 T C   0.909  0.074  0.018
  45 K C   0.913  0.050  0.038
  46 R C   0.929  0.011  0.060
  47 S C   0.928  0.004  0.068
  48 P C   0.882  0.073  0.045
  49 L C   0.901  0.075  0.024
  50 T C   0.861  0.121  0.018
  51 R H   0.076  0.919  0.005
  52 A H   0.064  0.932  0.004
  53 H H   0.082  0.914  0.004
  54 L H   0.041  0.956  0.003
  55 T H   0.042  0.956  0.002
  56 E H   0.033  0.965  0.002
  57 V H   0.025  0.974  0.002
  58 E H   0.023  0.976  0.001
  59 S H   0.034  0.966  0.001
  60 R H   0.021  0.979  0.000
  61 L H   0.022  0.977  0.000
  62 E H   0.027  0.973  0.000
  63 R H   0.029  0.971  0.000
  64 L H   0.034  0.966  0.000
  65 E H   0.029  0.970  0.001
  66 Q H   0.043  0.956  0.001
  67 L H   0.067  0.929  0.004
  68 F H   0.091  0.896  0.013
  69 L H   0.176  0.804  0.020
  70 L H   0.204  0.763  0.033
  71 I H   0.305  0.656  0.039
  72 F C   0.942  0.021  0.037
  73 P C   0.935  0.035  0.030
  74 R H   0.403  0.596  0.001
  75 E H   0.411  0.589  0.000
  76 D H   0.399  0.600  0.000
  77 L H   0.136  0.861  0.003
  78 D H   0.123  0.870  0.007
  79 M H   0.073  0.911  0.016
  80 I H   0.098  0.878  0.024
  81 L H   0.208  0.759  0.033
  82 K C   0.654  0.318  0.028
  83 M C   0.874  0.111  0.015
  84 D C   0.879  0.118  0.003
  85 S C   0.763  0.235  0.002
  86 L H   0.111  0.889  0.001
  87 Q H   0.083  0.917  0.001
  88 D H   0.075  0.925  0.001
  89 I H   0.030  0.969  0.001
  90 K H   0.020  0.978  0.001
  91 A H   0.027  0.971  0.002
  92 L H   0.035  0.963  0.002
  93 L H   0.086  0.911  0.003
  94 T H   0.236  0.761  0.003
  95 G H   0.456  0.541  0.003
  96 L C   0.573  0.420  0.007
  97 F C   0.617  0.368  0.015
  98 V C   0.794  0.187  0.019
  99 Q C   0.865  0.118  0.017
 100 D C   0.915  0.073  0.012
 101 N C   0.918  0.075  0.007
 102 V C   0.944  0.045  0.011
 103 N C   0.963  0.029  0.008
 104 K C   0.737  0.258  0.005
 105 D C   0.760  0.236  0.004
 106 A C   0.709  0.286  0.005
 107 V C   0.666  0.322  0.012
 108 T C   0.650  0.335  0.015
 109 D C   0.665  0.319  0.016
 110 R C   0.638  0.339  0.023
 111 L C   0.634  0.332  0.034
 112 A C   0.667  0.292  0.041
 113 S C   0.739  0.215  0.046
 114 V C   0.824  0.124  0.052
 115 E C   0.858  0.090  0.052
 116 T C   0.900  0.067  0.033
 117 D C   0.925  0.060  0.015
 118 M C   0.930  0.057  0.013
 119 P C   0.910  0.077  0.013
 120 L C   0.780  0.173  0.047
 121 T C   0.740  0.186  0.074
 122 L C   0.688  0.234  0.078
 123 R C   0.715  0.214  0.071
 124 Q C   0.716  0.221  0.064
 125 H C   0.779  0.163  0.057
 126 R C   0.793  0.127  0.080
 127 I C   0.830  0.110  0.059
 128 S C   0.874  0.087  0.039
 129 A C   0.922  0.052  0.026
 130 T C   0.954  0.026  0.020
 131 S C   0.965  0.017  0.018
 132 S C   0.976  0.012  0.012
 133 S C   0.962  0.029  0.008
 134 E C   0.910  0.079  0.011
 135 E C   0.901  0.089  0.010
 136 S C   0.906  0.089  0.006
 137 S C   0.927  0.069  0.004
 138 N C   0.934  0.063  0.003
 139 K C   0.924  0.072  0.004
 140 G C   0.936  0.053  0.011
 141 Q C   0.923  0.047  0.030
 142 R C   0.909  0.044  0.047
 143 Q C   0.901  0.031  0.068
 144 L C   0.877  0.030  0.093
 145 T C   0.872  0.017  0.112
 146 V C   0.879  0.009  0.113
 147 S C   0.973  0.002  0.025
 148 P C   0.982  0.011  0.008
 149 E C   0.982  0.012  0.006
 150 F C   0.986  0.009  0.004
 151 P C   0.893  0.105  0.002
 152 E C   0.891  0.105  0.003
 153 H C   0.866  0.126  0.009
 154 R C   0.845  0.141  0.014
 155 E C   0.891  0.098  0.011
 156 H C   0.904  0.085  0.011
 157 E C   0.873  0.118  0.009
 158 D C   0.869  0.122  0.009
 159 A C   0.858  0.129  0.013
 160 I C   0.865  0.120  0.016
 161 D C   0.911  0.079  0.010
 162 G C   0.914  0.080  0.005
 163 G C   0.903  0.090  0.007
 164 A C   0.844  0.140  0.016
 165 S C   0.793  0.143  0.064
 166 L C   0.689  0.225  0.085
 167 N C   0.648  0.246  0.106
 168 M C   0.601  0.281  0.119
 169 H C   0.579  0.277  0.144
 170 L C   0.580  0.270  0.150
 171 Y C   0.681  0.197  0.122
 172 N C   0.732  0.165  0.102
 173 I C   0.801  0.183  0.016
 174 N C   0.785  0.207  0.008
 175 D C   0.743  0.253  0.004
 176 T C   0.800  0.195  0.005
 177 L C   0.843  0.148  0.009
 178 N C   0.941  0.051  0.008
 179 G C   0.970  0.023  0.006
 180 V C   0.975  0.016  0.009
 181 S C   0.995  0.001  0.004
 182 T C   0.998  0.001  0.001
