# PSIPRED VFORMAT (S4PRED V1.2.4)

   1 M C   1.000  0.000  0.000
   2 K C   0.961  0.033  0.006
   3 L C   0.847  0.139  0.014
   4 L C   0.837  0.150  0.013
   5 S C   0.759  0.234  0.007
   6 S C   0.653  0.344  0.003
   7 I H   0.255  0.742  0.003
   8 E H   0.294  0.702  0.004
   9 Q H   0.303  0.690  0.006
  10 A H   0.290  0.707  0.003
  11 C H   0.391  0.608  0.001
  12 D H   0.213  0.787  0.001
  13 I H   0.144  0.855  0.002
  14 C H   0.221  0.776  0.003
  15 R H   0.289  0.707  0.004
  16 L H   0.363  0.631  0.007
  17 K C   0.614  0.378  0.008
  18 K C   0.776  0.214  0.010
  19 L C   0.906  0.085  0.009
  20 K C   0.865  0.094  0.041
  21 C C   0.906  0.056  0.038
  22 S C   0.922  0.058  0.020
  23 K C   0.943  0.041  0.016
  24 E C   0.957  0.030  0.013
  25 K C   0.973  0.019  0.008
  26 P C   0.927  0.063  0.010
  27 K C   0.881  0.096  0.023
  28 C C   0.755  0.205  0.040
  29 A H   0.366  0.609  0.025
  30 K H   0.267  0.706  0.027
  31 C H   0.259  0.717  0.024
  32 L H   0.327  0.663  0.010
  33 K H   0.400  0.593  0.008
  34 N C   0.707  0.282  0.011
  35 N C   0.839  0.125  0.036
  36 W C   0.680  0.132  0.189
  37 E C   0.450  0.139  0.411
  38 C C   0.495  0.118  0.387
  39 R C   0.587  0.086  0.327
  40 Y C   0.733  0.028  0.239
  41 S C   0.952  0.003  0.046
  42 P C   0.924  0.060  0.016
  43 K C   0.910  0.083  0.007
  44 T C   0.912  0.073  0.016
  45 K C   0.915  0.050  0.035
  46 R C   0.935  0.011  0.055
  47 S C   0.935  0.005  0.060
  48 P C   0.882  0.077  0.041
  49 L C   0.899  0.080  0.022
  50 T C   0.858  0.125  0.017
  51 R H   0.084  0.910  0.006
  52 A H   0.072  0.924  0.004
  53 H H   0.090  0.906  0.005
  54 L H   0.048  0.949  0.003
  55 T H   0.048  0.949  0.003
  56 E H   0.038  0.959  0.003
  57 V H   0.030  0.968  0.002
  58 E H   0.028  0.971  0.001
  59 S H   0.039  0.960  0.001
  60 R H   0.025  0.975  0.000
  61 L H   0.027  0.973  0.000
  62 E H   0.031  0.968  0.000
  63 R H   0.034  0.965  0.000
  64 L H   0.040  0.959  0.000
  65 E H   0.035  0.965  0.001
  66 Q H   0.051  0.948  0.002
  67 L H   0.077  0.918  0.005
  68 F H   0.106  0.880  0.014
  69 L H   0.204  0.776  0.020
  70 L H   0.238  0.729  0.033
  71 I H   0.334  0.628  0.038
  72 F C   0.947  0.020  0.033
  73 P C   0.940  0.033  0.027
  74 R H   0.450  0.549  0.001
  75 E H   0.454  0.546  0.000
  76 D H   0.435  0.565  0.000
  77 L H   0.169  0.829  0.003
  78 D H   0.152  0.841  0.007
  79 M H   0.098  0.885  0.017
  80 I H   0.129  0.845  0.026
  81 L H   0.245  0.721  0.034
  82 K C   0.675  0.297  0.028
  83 M C   0.876  0.110  0.014
  84 D C   0.879  0.118  0.003
  85 S C   0.765  0.233  0.002
  86 L H   0.149  0.851  0.001
  87 Q H   0.116  0.883  0.001
  88 D H   0.104  0.895  0.001
  89 I H   0.048  0.951  0.001
  90 K H   0.032  0.966  0.002
  91 A H   0.042  0.955  0.003
  92 L H   0.053  0.944  0.003
  93 L H   0.115  0.881  0.004
  94 T H   0.281  0.716  0.003
  95 G C   0.518  0.478  0.004
  96 L C   0.628  0.364  0.008
  97 F C   0.676  0.306  0.018
  98 V C   0.828  0.150  0.022
  99 Q C   0.884  0.097  0.019
 100 D C   0.924  0.064  0.012
 101 N C   0.931  0.062  0.007
 102 V C   0.952  0.038  0.010
 103 N C   0.968  0.024  0.008
 104 K C   0.805  0.190  0.005
 105 D C   0.821  0.175  0.004
 106 A C   0.787  0.209  0.005
 107 V C   0.754  0.235  0.012
 108 T C   0.730  0.255  0.015
 109 D C   0.746  0.238  0.016
 110 R C   0.721  0.257  0.022
 111 L C   0.714  0.253  0.033
 112 A C   0.731  0.228  0.041
 113 S C   0.791  0.164  0.045
 114 V C   0.853  0.095  0.052
 115 E C   0.879  0.069  0.051
 116 T C   0.920  0.050  0.030
 117 D C   0.943  0.044  0.014
 118 M C   0.949  0.040  0.011
 119 P C   0.931  0.058  0.011
 120 L C   0.827  0.134  0.039
 121 T C   0.794  0.143  0.063
 122 L C   0.747  0.184  0.069
 123 R C   0.765  0.170  0.065
 124 Q C   0.772  0.168  0.059
 125 H C   0.818  0.128  0.054
 126 R C   0.823  0.098  0.079
 127 I C   0.861  0.083  0.056
 128 S C   0.899  0.064  0.036
 129 A C   0.938  0.038  0.024
 130 T C   0.964  0.019  0.018
 131 S C   0.973  0.012  0.014
 132 S C   0.981  0.010  0.009
 133 S C   0.969  0.025  0.007
 134 E C   0.924  0.067  0.009
 135 E C   0.914  0.078  0.008
 136 S C   0.917  0.078  0.005
 137 S C   0.938  0.060  0.003
 138 N C   0.946  0.052  0.002
 139 K C   0.937  0.060  0.003
 140 G C   0.947  0.044  0.009
 141 Q C   0.938  0.038  0.024
 142 R C   0.928  0.035  0.037
 143 Q C   0.920  0.025  0.056
 144 L C   0.901  0.023  0.077
 145 T C   0.893  0.012  0.095
 146 V C   0.895  0.006  0.098
 147 S C   0.975  0.001  0.023
 148 P C   0.985  0.008  0.008
 149 E C   0.985  0.009  0.006
 150 F C   0.989  0.008  0.004
 151 P C   0.917  0.082  0.001
 152 E C   0.910  0.088  0.002
 153 H C   0.887  0.106  0.006
 154 R C   0.870  0.119  0.011
 155 E C   0.912  0.079  0.009
 156 H C   0.927  0.065  0.008
 157 E C   0.905  0.089  0.007
 158 D C   0.896  0.097  0.007
 159 A C   0.889  0.100  0.011
 160 I C   0.897  0.089  0.014
 161 D C   0.935  0.056  0.009
 162 G C   0.949  0.047  0.005
 163 G C   0.942  0.052  0.007
 164 A C   0.899  0.086  0.016
 165 S C   0.859  0.081  0.059
 166 L C   0.791  0.128  0.081
 167 N C   0.752  0.144  0.104
 168 M C   0.711  0.177  0.112
 169 H C   0.708  0.157  0.135
 170 L C   0.704  0.151  0.145
 171 Y C   0.772  0.098  0.129
 172 N C   0.805  0.078  0.116
 173 I C   0.874  0.094  0.033
 174 N C   0.871  0.110  0.019
 175 D C   0.832  0.157  0.011
 176 T C   0.852  0.132  0.015
 177 L C   0.863  0.112  0.025
 178 N C   0.931  0.047  0.023
 179 G C   0.941  0.033  0.027
 180 V C   0.908  0.031  0.062
 181 S C   0.918  0.027  0.055
 182 T C   0.952  0.024  0.024
 183 D C   0.969  0.020  0.011
 184 N C   0.976  0.019  0.005
 185 G C   0.963  0.024  0.013
 186 H C   0.927  0.025  0.048
 187 F C   0.880  0.048  0.072
 188 D C   0.869  0.056  0.075
 189 M C   0.821  0.078  0.101
 190 V C   0.811  0.068  0.121
 191 D C   0.760  0.087  0.153
 192 L C   0.809  0.052  0.138
 193 H C   0.853  0.032  0.115
 194 F C   0.889  0.014  0.097
 195 G C   0.954  0.010  0.036
 196 P C   0.970  0.014  0.016
 197 T C   0.905  0.014  0.081
 198 L C   0.896  0.010  0.094
 199 T C   0.921  0.005  0.074
 200 T C   0.970  0.006  0.024
 201 D C   0.990  0.007  0.002
 202 D C   0.993  0.006  0.001
 203 D C   0.995  0.004  0.000
 204 P C   0.769  0.231  0.001
 205 T C   0.747  0.250  0.003
 206 K C   0.686  0.304  0.010
 207 M C   0.678  0.294  0.028
 208 A C   0.651  0.304  0.045
 209 E C   0.662  0.289  0.049
 210 L C   0.763  0.192  0.044
 211 Q C   0.828  0.125  0.047
 212 H C   0.859  0.091  0.050
 213 T C   0.859  0.064  0.077
 214 T C   0.792  0.062  0.146
 215 I C   0.789  0.053  0.158
 216 H C   0.842  0.044  0.115
 217 H C   0.892  0.036  0.072
 218 G C   0.923  0.017  0.060
 219 H C   0.858  0.015  0.127
 220 L C   0.848  0.017  0.135
 221 D C   0.910  0.015  0.075
 222 V C   0.953  0.015  0.033
 223 N C   0.984  0.008  0.008
 224 G C   0.993  0.005  0.002
 225 N C   0.985  0.006  0.009
 226 R C   0.969  0.012  0.019
 227 S C   0.959  0.031  0.011
 228 D C   0.951  0.041  0.008
 229 S C   0.952  0.040  0.008
 230 L C   0.969  0.020  0.010
 231 F C   0.984  0.002  0.014
 232 S C   0.997  0.001  0.003
 233 P C   0.989  0.009  0.002
