# PSIPRED VFORMAT (S4PRED V1.2.4)

   1 M C   1.000  0.000  0.000
   2 K C   0.960  0.036  0.004
   3 L C   0.842  0.149  0.010
   4 L C   0.831  0.159  0.009
   5 S C   0.749  0.246  0.005
   6 S C   0.645  0.352  0.003
   7 I H   0.245  0.753  0.002
   8 E H   0.284  0.713  0.003
   9 Q H   0.291  0.705  0.004
  10 A H   0.276  0.722  0.002
  11 C H   0.376  0.623  0.001
  12 D H   0.200  0.800  0.001
  13 I H   0.134  0.864  0.001
  14 C H   0.216  0.782  0.002
  15 R H   0.289  0.708  0.003
  16 L H   0.357  0.639  0.004
  17 K C   0.622  0.373  0.005
  18 K C   0.780  0.214  0.006
  19 L C   0.905  0.089  0.007
  20 K C   0.872  0.097  0.031
  21 C C   0.913  0.058  0.029
  22 S C   0.925  0.059  0.016
  23 K C   0.944  0.043  0.013
  24 E C   0.957  0.032  0.011
  25 K C   0.974  0.019  0.007
  26 P C   0.927  0.063  0.009
  27 K C   0.883  0.095  0.021
  28 C C   0.761  0.203  0.036
  29 A H   0.364  0.614  0.022
  30 K H   0.265  0.711  0.024
  31 C H   0.255  0.724  0.021
  32 L H   0.324  0.668  0.008
  33 K H   0.392  0.601  0.006
  34 N C   0.712  0.280  0.009
  35 N C   0.842  0.129  0.029
  36 W C   0.703  0.137  0.160
  37 E C   0.488  0.146  0.365
  38 C C   0.532  0.127  0.341
  39 R C   0.626  0.092  0.283
  40 Y C   0.759  0.030  0.211
  41 S C   0.957  0.003  0.040
  42 P C   0.927  0.059  0.014
  43 K C   0.913  0.082  0.006
  44 T C   0.914  0.073  0.013
  45 K C   0.920  0.050  0.029
  46 R C   0.941  0.012  0.047
  47 S C   0.944  0.005  0.051
  48 P C   0.887  0.078  0.035
  49 L C   0.900  0.081  0.018
  50 T C   0.857  0.129  0.013
  51 R H   0.078  0.918  0.004
  52 A H   0.066  0.932  0.003
  53 H H   0.084  0.913  0.003
  54 L H   0.042  0.957  0.002
  55 T H   0.041  0.957  0.001
  56 E H   0.032  0.967  0.001
  57 V H   0.024  0.975  0.001
  58 E H   0.022  0.978  0.001
  59 S H   0.032  0.968  0.000
  60 R H   0.019  0.981  0.000
  61 L H   0.020  0.980  0.000
  62 E H   0.024  0.976  0.000
  63 R H   0.025  0.974  0.000
  64 L H   0.028  0.972  0.000
  65 E H   0.024  0.975  0.000
  66 Q H   0.035  0.964  0.001
  67 L H   0.059  0.938  0.002
  68 F H   0.084  0.908  0.008
  69 L H   0.163  0.824  0.012
  70 L H   0.198  0.781  0.021
  71 I H   0.293  0.681  0.026
  72 F C   0.952  0.024  0.024
  73 P C   0.942  0.037  0.021
  74 R H   0.411  0.589  0.001
  75 E H   0.421  0.579  0.000
  76 D H   0.410  0.589  0.000
  77 L H   0.131  0.867  0.002
  78 D H   0.117  0.879  0.004
  79 M H   0.072  0.917  0.011
  80 I H   0.098  0.886  0.016
  81 L H   0.206  0.772  0.022
  82 K C   0.660  0.321  0.019
  83 M C   0.878  0.112  0.010
  84 D C   0.879  0.119  0.002
  85 S C   0.764  0.235  0.001
  86 L H   0.117  0.883  0.000
  87 Q H   0.085  0.915  0.000
  88 D H   0.079  0.921  0.000
  89 I H   0.029  0.970  0.001
  90 K H   0.019  0.980  0.001
  91 A H   0.025  0.973  0.001
  92 L H   0.034  0.965  0.002
  93 L H   0.078  0.920  0.002
  94 T H   0.225  0.773  0.002
  95 G H   0.457  0.541  0.002
  96 L C   0.565  0.430  0.005
  97 F C   0.621  0.369  0.010
  98 V C   0.801  0.186  0.013
  99 Q C   0.872  0.116  0.012
 100 D C   0.917  0.075  0.008
 101 N C   0.919  0.076  0.005
 102 V C   0.947  0.046  0.007
 103 N C   0.966  0.029  0.005
 104 K C   0.762  0.235  0.004
 105 D C   0.783  0.215  0.003
 106 A C   0.735  0.261  0.003
 107 V C   0.692  0.300  0.008
 108 T C   0.676  0.314  0.010
 109 D C   0.690  0.299  0.011
 110 R C   0.667  0.317  0.015
 111 L C   0.666  0.311  0.024
 112 A C   0.688  0.283  0.030
 113 S C   0.769  0.198  0.033
 114 V C   0.843  0.118  0.039
 115 E C   0.872  0.090  0.038
 116 T C   0.911  0.065  0.024
 117 D C   0.933  0.056  0.011
 118 M C   0.941  0.050  0.009
 119 P C   0.919  0.073  0.009
 120 L C   0.809  0.161  0.031
 121 T C   0.780  0.173  0.048
 122 L C   0.721  0.226  0.052
 123 R C   0.747  0.204  0.048
 124 Q C   0.744  0.213  0.043
 125 H C   0.799  0.165  0.037
 126 R C   0.808  0.138  0.053
 127 I C   0.840  0.122  0.039
 128 S C   0.880  0.095  0.025
 129 A C   0.924  0.059  0.018
 130 T C   0.957  0.029  0.014
 131 S C   0.969  0.019  0.012
 132 S C   0.978  0.014  0.008
 133 S C   0.963  0.032  0.006
 134 E C   0.914  0.078  0.008
 135 E C   0.906  0.087  0.007
 136 S C   0.913  0.083  0.004
 137 S C   0.933  0.064  0.003
 138 N C   0.941  0.058  0.002
 139 K C   0.935  0.063  0.003
 140 G C   0.944  0.049  0.008
 141 Q C   0.931  0.047  0.022
 142 R C   0.921  0.044  0.034
 143 Q C   0.916  0.033  0.051
 144 L C   0.900  0.031  0.069
 145 T C   0.909  0.016  0.075
 146 V C   0.920  0.007  0.072
 147 S C   0.983  0.001  0.017
 148 P C   0.988  0.005  0.007
 149 E C   0.987  0.006  0.008
 150 F C   0.994  0.001  0.005
 151 P C   0.991  0.007  0.002
 152 G C   0.928  0.071  0.001
 153 E C   0.919  0.075  0.006
 154 Q C   0.906  0.082  0.012
 155 V C   0.873  0.109  0.018
 156 E C   0.870  0.120  0.010
 157 D C   0.865  0.129  0.006
 158 M C   0.648  0.350  0.002
 159 D C   0.634  0.360  0.006
 160 K C   0.620  0.366  0.013
 161 L C   0.680  0.300  0.020
 162 Y C   0.831  0.145  0.024
 163 E C   0.926  0.056  0.017
 164 T C   0.986  0.007  0.007
 165 P C   0.933  0.061  0.006
 166 I C   0.803  0.190  0.006
 167 D C   0.764  0.227  0.009
 168 M C   0.661  0.330  0.009
 169 Q C   0.681  0.307  0.012
 170 T C   0.720  0.267  0.014
 171 T C   0.689  0.290  0.020
 172 I H   0.445  0.525  0.030
 173 F H   0.409  0.557  0.034
 174 D H   0.449  0.531  0.020
 175 Q C   0.512  0.478  0.010
 176 V H   0.464  0.529  0.007
 177 D H   0.419  0.579  0.001
 178 N H   0.357  0.641  0.002
 179 Y H   0.351  0.636  0.013
 180 L H   0.306  0.672  0.021
 181 H H   0.389  0.589  0.022
 182 M H   0.444  0.538  0.019
 183 V C   0.517  0.472  0.011
 184 N C   0.610  0.385  0.005
 185 S C   0.784  0.215  0.001
 186 G C   0.880  0.118  0.001
 187 L C   0.915  0.082  0.003
 188 Q C   0.936  0.060  0.005
 189 H C   0.964  0.032  0.004
 190 D C   0.973  0.024  0.002
 191 E C   0.958  0.040  0.002
 192 K C   0.954  0.044  0.002
 193 E C   0.950  0.049  0.001
 194 D C   0.952  0.047  0.001
 195 D C   0.932  0.067  0.002
 196 S C   0.879  0.107  0.014
 197 L C   0.816  0.156  0.028
 198 A C   0.779  0.198  0.024
 199 L C   0.570  0.418  0.012
 200 D C   0.603  0.394  0.003
 201 D C   0.548  0.451  0.001
 202 L H   0.417  0.582  0.001
 203 D H   0.378  0.621  0.001
 204 R H   0.340  0.658  0.002
 205 A H   0.340  0.654  0.006
 206 F H   0.319  0.659  0.022
 207 E H   0.386  0.586  0.028
 208 L H   0.433  0.532  0.035
 209 V H   0.484  0.495  0.021
 210 E C   0.649  0.338  0.013
 211 G C   0.840  0.156  0.004
 212 M C   0.919  0.074  0.006
 213 D C   0.934  0.055  0.011
 214 M C   0.824  0.155  0.021
 215 D C   0.794  0.172  0.033
 216 W C   0.811  0.155  0.034
 217 M C   0.890  0.089  0.020
 218 M C   0.985  0.010  0.005
 219 P C   0.975  0.021  0.004
 220 S C   0.977  0.022  0.001
 221 H C   0.969  0.029  0.002
 222 A C   0.969  0.027  0.003
 223 H C   0.984  0.012  0.004
 224 H C   0.996  0.001  0.002
 225 S C   1.000  0.000  0.000
 226 P C   0.996  0.004  0.000
