# PSIPRED VFORMAT (S4PRED V1.2.4)

   1 M C   1.000  0.000  0.000
   2 K C   0.961  0.034  0.005
   3 L C   0.844  0.143  0.012
   4 L C   0.833  0.156  0.011
   5 S C   0.752  0.242  0.006
   6 S C   0.644  0.353  0.003
   7 I H   0.247  0.751  0.002
   8 E H   0.286  0.711  0.003
   9 Q H   0.296  0.699  0.005
  10 A H   0.286  0.712  0.003
  11 C H   0.388  0.611  0.001
  12 D H   0.210  0.790  0.001
  13 I H   0.142  0.856  0.002
  14 C H   0.222  0.775  0.003
  15 R H   0.291  0.705  0.004
  16 L H   0.364  0.631  0.006
  17 K C   0.621  0.372  0.007
  18 K C   0.778  0.213  0.008
  19 L C   0.907  0.085  0.008
  20 K C   0.869  0.093  0.037
  21 C C   0.910  0.056  0.034
  22 S C   0.925  0.057  0.018
  23 K C   0.945  0.041  0.014
  24 E C   0.958  0.030  0.012
  25 K C   0.974  0.019  0.007
  26 P C   0.927  0.064  0.009
  27 K C   0.881  0.097  0.021
  28 C C   0.753  0.209  0.038
  29 A H   0.361  0.616  0.024
  30 K H   0.262  0.713  0.025
  31 C H   0.253  0.724  0.023
  32 L H   0.321  0.670  0.009
  33 K H   0.391  0.602  0.007
  34 N C   0.707  0.283  0.010
  35 N C   0.841  0.126  0.033
  36 W C   0.687  0.136  0.178
  37 E C   0.463  0.144  0.394
  38 C C   0.509  0.122  0.370
  39 R C   0.604  0.088  0.308
  40 Y C   0.747  0.029  0.224
  41 S C   0.955  0.003  0.043
  42 P C   0.924  0.062  0.015
  43 K C   0.909  0.085  0.006
  44 T C   0.911  0.075  0.014
  45 K C   0.917  0.051  0.032
  46 R C   0.939  0.011  0.050
  47 S C   0.941  0.005  0.054
  48 P C   0.882  0.081  0.037
  49 L C   0.897  0.083  0.019
  50 T C   0.856  0.129  0.015
  51 R H   0.088  0.907  0.005
  52 A H   0.076  0.920  0.004
  53 H H   0.094  0.901  0.004
  54 L H   0.050  0.947  0.003
  55 T H   0.052  0.946  0.002
  56 E H   0.042  0.956  0.002
  57 V H   0.033  0.965  0.002
  58 E H   0.030  0.969  0.001
  59 S H   0.041  0.958  0.001
  60 R H   0.026  0.974  0.000
  61 L H   0.028  0.972  0.000
  62 E H   0.032  0.967  0.000
  63 R H   0.034  0.965  0.000
  64 L H   0.040  0.960  0.000
  65 E H   0.034  0.966  0.001
  66 Q H   0.049  0.949  0.001
  67 L H   0.077  0.919  0.004
  68 F H   0.107  0.881  0.012
  69 L H   0.200  0.783  0.018
  70 L H   0.236  0.734  0.029
  71 I H   0.332  0.634  0.034
  72 F C   0.951  0.020  0.029
  73 P C   0.945  0.032  0.023
  74 R H   0.456  0.544  0.001
  75 E H   0.460  0.539  0.000
  76 D H   0.444  0.556  0.000
  77 L H   0.171  0.826  0.002
  78 D H   0.156  0.838  0.006
  79 M H   0.100  0.884  0.015
  80 I H   0.132  0.845  0.023
  81 L H   0.251  0.719  0.031
  82 K C   0.679  0.296  0.025
  83 M C   0.879  0.109  0.013
  84 D C   0.879  0.118  0.003
  85 S C   0.766  0.233  0.001
  86 L H   0.156  0.843  0.001
  87 Q H   0.122  0.877  0.001
  88 D H   0.112  0.887  0.001
  89 I H   0.052  0.947  0.001
  90 K H   0.035  0.964  0.002
  91 A H   0.045  0.953  0.002
  92 L H   0.057  0.940  0.003
  93 L H   0.118  0.879  0.004
  94 T H   0.286  0.711  0.003
  95 G C   0.528  0.469  0.004
  96 L C   0.632  0.361  0.007
  97 F C   0.686  0.299  0.015
  98 V C   0.836  0.145  0.018
  99 Q C   0.892  0.092  0.016
 100 D C   0.930  0.060  0.010
 101 N C   0.935  0.059  0.006
 102 V C   0.955  0.036  0.009
 103 N C   0.971  0.023  0.007
 104 K C   0.820  0.176  0.004
 105 D C   0.835  0.162  0.003
 106 A C   0.803  0.193  0.004
 107 V C   0.771  0.219  0.010
 108 T C   0.750  0.237  0.013
 109 D C   0.763  0.223  0.014
 110 R C   0.739  0.242  0.019
 111 L C   0.729  0.242  0.029
 112 A C   0.744  0.219  0.037
 113 S C   0.806  0.154  0.040
 114 V C   0.862  0.090  0.047
 115 E C   0.887  0.067  0.045
 116 T C   0.925  0.049  0.027
 117 D C   0.946  0.042  0.012
 118 M C   0.952  0.038  0.010
 119 P C   0.933  0.058  0.010
 120 L C   0.836  0.131  0.034
 121 T C   0.806  0.140  0.054
 122 L C   0.758  0.182  0.060
 123 R C   0.776  0.167  0.058
 124 Q C   0.783  0.166  0.051
 125 H C   0.826  0.128  0.045
 126 R C   0.829  0.103  0.067
 127 I C   0.863  0.089  0.048
 128 S C   0.899  0.069  0.032
 129 A C   0.936  0.042  0.022
 130 T C   0.963  0.021  0.016
 131 S C   0.972  0.014  0.014
 132 S C   0.980  0.011  0.009
 133 S C   0.967  0.026  0.006
 134 E C   0.924  0.067  0.009
 135 E C   0.915  0.077  0.008
 136 S C   0.921  0.074  0.005
 137 S C   0.942  0.055  0.003
 138 N C   0.951  0.047  0.002
 139 K C   0.946  0.050  0.003
 140 G C   0.954  0.038  0.009
 141 Q C   0.941  0.035  0.025
 142 R C   0.932  0.033  0.035
 143 Q C   0.923  0.024  0.053
 144 L C   0.906  0.022  0.072
 145 T C   0.905  0.011  0.083
 146 V C   0.914  0.005  0.081
 147 S C   0.981  0.000  0.019
 148 P C   0.989  0.004  0.007
 149 E C   0.988  0.004  0.008
 150 F C   0.994  0.001  0.005
 151 P C   0.993  0.005  0.002
 152 G C   0.947  0.051  0.001
 153 E C   0.940  0.053  0.006
 154 Q C   0.927  0.060  0.013
 155 V C   0.903  0.079  0.018
 156 E C   0.904  0.085  0.011
 157 D C   0.897  0.096  0.007
 158 M C   0.711  0.287  0.003
 159 D C   0.696  0.296  0.008
 160 K C   0.688  0.296  0.017
 161 L C   0.755  0.221  0.025
 162 Y C   0.865  0.106  0.029
 163 E C   0.947  0.031  0.022
 164 T C   0.988  0.003  0.010
 165 P C   0.967  0.024  0.009
 166 I C   0.904  0.087  0.009
 167 D C   0.884  0.103  0.013
 168 M C   0.828  0.158  0.014
 169 Q C   0.837  0.143  0.020
 170 T C   0.852  0.125  0.022
 171 T C   0.832  0.135  0.033
 172 I C   0.659  0.291  0.051
 173 F C   0.616  0.329  0.055
 174 D C   0.635  0.330  0.034
 175 Q C   0.698  0.284  0.018
 176 V C   0.664  0.320  0.016
 177 D C   0.637  0.360  0.003
 178 N C   0.596  0.401  0.004
 179 Y C   0.563  0.411  0.026
 180 L C   0.507  0.456  0.037
 181 H C   0.581  0.380  0.039
 182 M C   0.636  0.332  0.031
 183 V C   0.683  0.298  0.019
 184 N C   0.759  0.233  0.008
 185 S C   0.865  0.133  0.002
 186 G C   0.925  0.073  0.002
 187 L C   0.945  0.051  0.004
 188 Q C   0.952  0.043  0.005
 189 H C   0.965  0.031  0.004
 190 D C   0.963  0.034  0.003
 191 E C   0.950  0.048  0.003
 192 K C   0.941  0.057  0.003
 193 E C   0.913  0.085  0.002
 194 D C   0.888  0.110  0.002
 195 E C   0.888  0.109  0.003
 196 H C   0.897  0.098  0.005
 197 R C   0.883  0.109  0.008
 198 E C   0.910  0.083  0.007
 199 H C   0.897  0.096  0.007
 200 E C   0.873  0.122  0.005
 201 D C   0.868  0.127  0.005
 202 A C   0.857  0.136  0.007
 203 I C   0.861  0.129  0.010
 204 D C   0.906  0.087  0.006
 205 G C   0.931  0.066  0.003
 206 G C   0.926  0.068  0.006
 207 A C   0.887  0.098  0.014
 208 S C   0.854  0.094  0.052
 209 L C   0.783  0.142  0.075
 210 N C   0.735  0.162  0.103
 211 M C   0.694  0.193  0.113
 212 H C   0.691  0.174  0.135
 213 L C   0.688  0.163  0.149
 214 Y C   0.759  0.108  0.133
 215 N C   0.792  0.087  0.121
 216 I C   0.868  0.099  0.032
 217 N C   0.863  0.118  0.019
 218 D C   0.832  0.158  0.010
 219 T C   0.851  0.134  0.015
 220 L C   0.860  0.115  0.025
 221 N C   0.926  0.051  0.023
 222 G C   0.935  0.037  0.028
 223 V C   0.899  0.034  0.067
 224 S C   0.912  0.029  0.059
 225 T C   0.951  0.025  0.024
 226 D C   0.969  0.020  0.011
 227 N C   0.976  0.019  0.004
 228 G C   0.963  0.024  0.013
 229 H C   0.925  0.026  0.049
 230 F C   0.877  0.049  0.074
 231 D C   0.866  0.058  0.076
 232 M C   0.826  0.076  0.098
 233 V C   0.812  0.068  0.121
 234 D C   0.760  0.086  0.155
 235 L C   0.812  0.052  0.135
 236 H C   0.857  0.032  0.110
 237 F C   0.892  0.014  0.094
 238 G C   0.954  0.010  0.037
 239 P C   0.968  0.015  0.017
 240 T C   0.901  0.015  0.085
 241 L C   0.891  0.010  0.098
 242 T C   0.917  0.005  0.079
 243 T C   0.969  0.005  0.026
 244 D C   0.991  0.007  0.002
 245 D C   0.994  0.006  0.001
 246 D C   0.996  0.004  0.000
 247 P C   0.771  0.229  0.000
 248 T C   0.749  0.247  0.003
 249 K C   0.688  0.302  0.010
 250 M C   0.679  0.294  0.027
 251 A C   0.655  0.301  0.044
 252 E C   0.667  0.285  0.049
 253 L C   0.767  0.189  0.043
 254 Q C   0.830  0.125  0.045
 255 H C   0.863  0.090  0.047
 256 T C   0.862  0.064  0.074
 257 T C   0.795  0.062  0.142
 258 I C   0.791  0.054  0.154
 259 H C   0.844  0.044  0.112
 260 H C   0.894  0.035  0.072
 261 G C   0.923  0.016  0.061
 262 H C   0.855  0.015  0.130
 263 L C   0.850  0.016  0.133
 264 D C   0.912  0.015  0.073
 265 V C   0.955  0.014  0.032
 266 N C   0.985  0.008  0.008
 267 G C   0.993  0.005  0.002
 268 N C   0.985  0.006  0.009
 269 R C   0.968  0.013  0.019
 270 S C   0.958  0.032  0.011
 271 D C   0.951  0.041  0.008
 272 S C   0.952  0.040  0.009
 273 L C   0.968  0.021  0.011
 274 F C   0.983  0.002  0.015
 275 S C   0.996  0.001  0.003
 276 P C   0.984  0.013  0.003
