# PSIPRED VFORMAT (S4PRED V1.2.4)

   1 M C   0.999  0.000  0.000
   2 K C   0.959  0.036  0.005
   3 L C   0.843  0.145  0.012
   4 L C   0.834  0.154  0.012
   5 S C   0.757  0.237  0.006
   6 S C   0.659  0.338  0.003
   7 I H   0.264  0.734  0.003
   8 E H   0.305  0.691  0.003
   9 Q H   0.310  0.685  0.005
  10 A H   0.290  0.708  0.002
  11 C H   0.393  0.606  0.001
  12 D H   0.213  0.786  0.001
  13 I H   0.139  0.859  0.001
  14 C H   0.230  0.768  0.002
  15 R H   0.298  0.699  0.003
  16 L H   0.358  0.638  0.005
  17 K C   0.633  0.361  0.006
  18 K C   0.789  0.203  0.007
  19 L C   0.906  0.086  0.008
  20 K C   0.871  0.092  0.037
  21 C C   0.909  0.056  0.035
  22 S C   0.917  0.061  0.022
  23 K C   0.938  0.044  0.018
  24 E C   0.951  0.034  0.015
  25 K C   0.971  0.020  0.009
  26 P C   0.927  0.061  0.012
  27 K C   0.883  0.091  0.026
  28 C C   0.764  0.195  0.042
  29 A H   0.375  0.600  0.025
  30 K H   0.276  0.697  0.026
  31 C H   0.266  0.710  0.024
  32 L H   0.330  0.660  0.009
  33 K H   0.398  0.595  0.007
  34 N C   0.718  0.272  0.011
  35 N C   0.838  0.126  0.036
  36 W C   0.693  0.130  0.177
  37 E C   0.476  0.137  0.387
  38 C C   0.516  0.121  0.362
  39 R C   0.604  0.088  0.308
  40 Y C   0.736  0.030  0.234
  41 S C   0.948  0.003  0.049
  42 P C   0.923  0.059  0.018
  43 K C   0.909  0.084  0.007
  44 T C   0.909  0.074  0.017
  45 K C   0.914  0.050  0.037
  46 R C   0.930  0.012  0.058
  47 S C   0.929  0.005  0.066
  48 P C   0.885  0.072  0.043
  49 L C   0.904  0.074  0.022
  50 T C   0.864  0.120  0.016
  51 R H   0.080  0.915  0.005
  52 A H   0.069  0.928  0.004
  53 H H   0.087  0.910  0.004
  54 L H   0.043  0.954  0.002
  55 T H   0.044  0.954  0.002
  56 E H   0.035  0.963  0.002
  57 V H   0.026  0.972  0.002
  58 E H   0.024  0.975  0.001
  59 S H   0.036  0.964  0.001
  60 R H   0.022  0.978  0.000
  61 L H   0.024  0.976  0.000
  62 E H   0.029  0.970  0.000
  63 R H   0.031  0.969  0.000
  64 L H   0.035  0.964  0.000
  65 E H   0.030  0.969  0.000
  66 Q H   0.043  0.956  0.001
  67 L H   0.071  0.925  0.003
  68 F H   0.095  0.894  0.011
  69 L H   0.176  0.808  0.017
  70 L H   0.209  0.763  0.029
  71 I H   0.309  0.656  0.035
  72 F C   0.946  0.023  0.031
  73 P C   0.939  0.035  0.026
  74 R H   0.404  0.595  0.001
  75 E H   0.414  0.586  0.000
  76 D H   0.404  0.596  0.000
  77 L H   0.131  0.867  0.002
  78 D H   0.118  0.876  0.006
  79 M H   0.071  0.915  0.013
  80 I H   0.096  0.884  0.020
  81 L H   0.209  0.765  0.027
  82 K C   0.669  0.308  0.023
  83 M C   0.883  0.104  0.013
  84 D C   0.890  0.107  0.003
  85 S C   0.774  0.225  0.001
  86 L H   0.111  0.888  0.001
  87 Q H   0.080  0.919  0.000
  88 D H   0.073  0.926  0.000
  89 I H   0.027  0.972  0.001
  90 K H   0.018  0.981  0.001
  91 A H   0.024  0.975  0.001
  92 L H   0.032  0.966  0.002
  93 L H   0.076  0.922  0.002
  94 T H   0.229  0.769  0.002
  95 G H   0.454  0.544  0.002
  96 L C   0.563  0.431  0.005
  97 F C   0.619  0.370  0.011
  98 V C   0.797  0.189  0.014
  99 Q C   0.867  0.120  0.013
 100 D C   0.918  0.072  0.010
 101 N C   0.919  0.075  0.006
 102 V C   0.948  0.044  0.009
 103 N C   0.965  0.029  0.006
 104 K C   0.740  0.255  0.004
 105 D C   0.764  0.232  0.003
 106 A C   0.714  0.282  0.004
 107 V C   0.669  0.321  0.010
 108 T C   0.654  0.333  0.012
 109 D C   0.664  0.323  0.013
 110 R C   0.641  0.341  0.018
 111 L C   0.642  0.330  0.028
 112 A C   0.674  0.292  0.034
 113 S C   0.758  0.205  0.037
 114 V C   0.841  0.116  0.044
 115 E C   0.870  0.087  0.044
 116 T C   0.905  0.066  0.029
 117 D C   0.926  0.059  0.014
 118 M C   0.938  0.051  0.011
 119 P C   0.917  0.073  0.010
 120 L C   0.799  0.164  0.037
 121 T C   0.764  0.180  0.057
 122 L C   0.710  0.230  0.060
 123 R C   0.734  0.210  0.055
 124 Q C   0.725  0.227  0.048
 125 H C   0.788  0.170  0.041
 126 R C   0.802  0.139  0.059
 127 I C   0.831  0.124  0.045
 128 S C   0.873  0.098  0.030
 129 A C   0.919  0.060  0.021
 130 T C   0.952  0.031  0.017
 131 S C   0.964  0.020  0.016
 132 S C   0.974  0.014  0.011
 133 S C   0.962  0.030  0.008
 134 E C   0.912  0.077  0.010
 135 E C   0.905  0.086  0.010
 136 S C   0.910  0.084  0.006
 137 S C   0.930  0.066  0.004
 138 N C   0.937  0.060  0.003
 139 K C   0.936  0.061  0.004
 140 G C   0.943  0.047  0.010
 141 Q C   0.927  0.045  0.028
 142 R C   0.916  0.043  0.041
 143 Q C   0.907  0.032  0.061
 144 L C   0.888  0.030  0.082
 145 T C   0.894  0.016  0.090
 146 V C   0.906  0.007  0.087
 147 S C   0.979  0.001  0.021
 148 P C   0.985  0.006  0.009
 149 E C   0.983  0.006  0.011
 150 F C   0.992  0.001  0.007
 151 P C   0.991  0.007  0.002
 152 G C   0.928  0.070  0.002
 153 E C   0.919  0.073  0.008
 154 Q C   0.902  0.082  0.016
 155 V C   0.865  0.112  0.024
 156 E C   0.865  0.122  0.014
 157 D C   0.856  0.135  0.009
 158 M C   0.622  0.374  0.004
 159 D C   0.604  0.386  0.010
 160 K C   0.588  0.390  0.022
 161 L C   0.646  0.322  0.032
 162 Y C   0.814  0.151  0.035
 163 E C   0.926  0.051  0.023
 164 T C   0.982  0.007  0.011
 165 P C   0.913  0.077  0.010
 166 I C   0.775  0.218  0.007
 167 D C   0.741  0.248  0.011
 168 M C   0.621  0.366  0.013
 169 Q C   0.634  0.351  0.015
 170 T C   0.691  0.294  0.016
 171 T C   0.648  0.331  0.021
 172 I H   0.354  0.617  0.029
 173 F H   0.316  0.655  0.030
 174 D H   0.361  0.620  0.019
 175 Q H   0.439  0.553  0.008
 176 V H   0.374  0.620  0.006
 177 D H   0.336  0.663  0.001
 178 N H   0.298  0.701  0.001
 179 Y H   0.305  0.685  0.010
 180 L H   0.275  0.710  0.015
 181 H H   0.379  0.605  0.016
 182 M H   0.437  0.551  0.012
 183 V C   0.504  0.489  0.006
 184 N C   0.551  0.446  0.003
 185 S C   0.756  0.243  0.001
 186 G C   0.871  0.128  0.001
 187 L C   0.911  0.088  0.001
 188 Q C   0.939  0.059  0.001
 189 H C   0.962  0.037  0.002
 190 D C   0.963  0.036  0.001
 191 E C   0.974  0.025  0.001
 192 K C   0.989  0.011  0.000
 193 E C   0.999  0.001  0.000
 194 D C   0.999  0.001  0.000
