# PSIPRED VFORMAT (S4PRED V1.2.4)

   1 M C   1.000  0.000  0.000
   2 K C   0.963  0.032  0.005
   3 L C   0.849  0.139  0.012
   4 L C   0.836  0.153  0.011
   5 S C   0.754  0.241  0.006
   6 S C   0.642  0.355  0.003
   7 I H   0.246  0.752  0.002
   8 E H   0.284  0.712  0.003
   9 Q H   0.296  0.699  0.005
  10 A H   0.285  0.712  0.003
  11 C H   0.385  0.614  0.001
  12 D H   0.207  0.792  0.001
  13 I H   0.143  0.855  0.002
  14 C H   0.217  0.780  0.003
  15 R H   0.290  0.707  0.004
  16 L H   0.369  0.625  0.006
  17 K C   0.617  0.376  0.007
  18 K C   0.778  0.213  0.009
  19 L C   0.909  0.083  0.008
  20 K C   0.870  0.093  0.037
  21 C C   0.911  0.055  0.034
  22 S C   0.930  0.054  0.017
  23 K C   0.949  0.038  0.013
  24 E C   0.962  0.027  0.011
  25 K C   0.976  0.018  0.006
  26 P C   0.930  0.061  0.009
  27 K C   0.884  0.095  0.021
  28 C C   0.758  0.205  0.037
  29 A H   0.370  0.607  0.024
  30 K H   0.267  0.707  0.026
  31 C H   0.259  0.718  0.023
  32 L H   0.332  0.659  0.010
  33 K H   0.402  0.591  0.007
  34 N C   0.708  0.281  0.010
  35 N C   0.845  0.122  0.033
  36 W C   0.686  0.131  0.183
  37 E C   0.458  0.139  0.403
  38 C C   0.507  0.116  0.377
  39 R C   0.603  0.085  0.312
  40 Y C   0.748  0.027  0.225
  41 S C   0.957  0.003  0.041
  42 P C   0.929  0.057  0.014
  43 K C   0.916  0.079  0.005
  44 T C   0.917  0.070  0.013
  45 K C   0.921  0.049  0.030
  46 R C   0.942  0.010  0.048
  47 S C   0.944  0.005  0.051
  48 P C   0.883  0.082  0.035
  49 L C   0.896  0.085  0.019
  50 T C   0.854  0.131  0.016
  51 R H   0.091  0.904  0.006
  52 A H   0.078  0.918  0.004
  53 H H   0.095  0.900  0.004
  54 L H   0.051  0.946  0.003
  55 T H   0.052  0.946  0.003
  56 E H   0.041  0.956  0.003
  57 V H   0.032  0.966  0.002
  58 E H   0.029  0.969  0.001
  59 S H   0.041  0.958  0.001
  60 R H   0.025  0.974  0.000
  61 L H   0.028  0.972  0.000
  62 E H   0.031  0.969  0.000
  63 R H   0.034  0.966  0.000
  64 L H   0.038  0.961  0.000
  65 E H   0.033  0.966  0.001
  66 Q H   0.049  0.950  0.001
  67 L H   0.074  0.922  0.004
  68 F H   0.103  0.885  0.012
  69 L H   0.201  0.781  0.018
  70 L H   0.238  0.732  0.030
  71 I H   0.335  0.631  0.034
  72 F C   0.951  0.019  0.030
  73 P C   0.944  0.032  0.024
  74 R H   0.475  0.524  0.001
  75 E H   0.484  0.516  0.000
  76 D H   0.461  0.539  0.000
  77 L H   0.182  0.815  0.002
  78 D H   0.165  0.829  0.006
  79 M H   0.108  0.876  0.017
  80 I H   0.142  0.833  0.025
  81 L H   0.256  0.711  0.033
  82 K C   0.676  0.297  0.027
  83 M C   0.876  0.110  0.013
  84 D C   0.879  0.118  0.003
  85 S C   0.765  0.233  0.002
  86 L H   0.160  0.840  0.001
  87 Q H   0.126  0.873  0.001
  88 D H   0.115  0.884  0.001
  89 I H   0.054  0.945  0.001
  90 K H   0.036  0.962  0.002
  91 A H   0.047  0.951  0.003
  92 L H   0.057  0.939  0.003
  93 L H   0.120  0.877  0.004
  94 T H   0.284  0.713  0.003
  95 G C   0.528  0.468  0.004
  96 L C   0.635  0.357  0.008
  97 F C   0.681  0.302  0.016
  98 V C   0.831  0.148  0.020
  99 Q C   0.888  0.095  0.018
 100 D C   0.926  0.063  0.011
 101 N C   0.934  0.060  0.006
 102 V C   0.954  0.037  0.009
 103 N C   0.970  0.023  0.007
 104 K C   0.827  0.169  0.004
 105 D C   0.840  0.156  0.003
 106 A C   0.807  0.189  0.004
 107 V C   0.775  0.215  0.010
 108 T C   0.754  0.233  0.013
 109 D C   0.769  0.217  0.014
 110 R C   0.744  0.237  0.019
 111 L C   0.734  0.238  0.028
 112 A C   0.746  0.217  0.036
 113 S C   0.805  0.154  0.040
 114 V C   0.862  0.091  0.047
 115 E C   0.887  0.067  0.045
 116 T C   0.926  0.047  0.026
 117 D C   0.947  0.041  0.012
 118 M C   0.954  0.037  0.010
 119 P C   0.934  0.056  0.010
 120 L C   0.841  0.126  0.033
 121 T C   0.811  0.135  0.053
 122 L C   0.762  0.179  0.059
 123 R C   0.779  0.165  0.056
 124 Q C   0.786  0.163  0.051
 125 H C   0.829  0.126  0.045
 126 R C   0.834  0.098  0.067
 127 I C   0.871  0.082  0.047
 128 S C   0.905  0.064  0.031
 129 A C   0.940  0.039  0.021
 130 T C   0.965  0.019  0.015
 131 S C   0.974  0.013  0.013
 132 S C   0.981  0.010  0.009
 133 S C   0.970  0.024  0.006
 134 E C   0.933  0.059  0.008
 135 E C   0.924  0.068  0.008
 136 S C   0.929  0.066  0.004
 137 S C   0.948  0.050  0.003
 138 N C   0.956  0.042  0.002
 139 K C   0.950  0.047  0.003
 140 G C   0.957  0.035  0.008
 141 Q C   0.945  0.033  0.022
 142 R C   0.937  0.032  0.030
 143 Q C   0.926  0.025  0.049
 144 L C   0.911  0.024  0.065
 145 T C   0.914  0.013  0.073
 146 V C   0.923  0.006  0.071
 147 S C   0.983  0.001  0.016
 148 P C   0.986  0.008  0.007
 149 E C   0.984  0.010  0.006
 150 F C   0.991  0.006  0.004
 151 P C   0.987  0.012  0.002
 152 N C   0.978  0.020  0.001
 153 A C   0.913  0.085  0.003
 154 S C   0.909  0.085  0.006
 155 S C   0.883  0.106  0.011
 156 R C   0.850  0.127  0.023
 157 R C   0.856  0.112  0.032
 158 L C   0.867  0.092  0.041
 159 Q C   0.845  0.097  0.057
 160 K C   0.844  0.094  0.061
 161 T C   0.845  0.081  0.074
 162 I C   0.852  0.077  0.070
 163 S C   0.913  0.055  0.032
 164 N C   0.972  0.023  0.005
 165 G C   0.982  0.016  0.002
 166 N C   0.982  0.015  0.003
 167 S C   0.967  0.027  0.006
 168 K C   0.942  0.048  0.010
 169 R C   0.872  0.115  0.012
 170 D C   0.844  0.145  0.011
 171 E C   0.802  0.181  0.017
 172 W C   0.725  0.247  0.028
 173 D C   0.668  0.289  0.044
 174 E C   0.610  0.322  0.067
 175 F C   0.632  0.293  0.076
 176 M C   0.652  0.260  0.088
 177 F C   0.694  0.219  0.087
 178 S C   0.854  0.074  0.072
 179 L C   0.980  0.009  0.012
 180 P C   0.967  0.026  0.007
 181 E C   0.871  0.127  0.002
 182 S C   0.870  0.128  0.002
 183 S C   0.835  0.162  0.003
 184 L C   0.828  0.168  0.004
 185 A C   0.875  0.122  0.003
 186 N C   0.880  0.117  0.003
 187 D C   0.864  0.133  0.003
 188 L C   0.818  0.175  0.007
 189 E C   0.864  0.125  0.010
 190 H C   0.882  0.106  0.012
 191 R C   0.886  0.104  0.010
 192 E C   0.905  0.086  0.009
 193 H C   0.875  0.115  0.010
 194 E C   0.841  0.153  0.006
 195 D C   0.854  0.140  0.006
 196 A C   0.853  0.139  0.008
 197 I C   0.867  0.122  0.011
 198 D C   0.917  0.075  0.008
 199 G C   0.944  0.052  0.004
 200 G C   0.938  0.055  0.007
 201 A C   0.892  0.092  0.016
 202 S C   0.852  0.089  0.059
 203 L C   0.786  0.132  0.082
 204 N C   0.739  0.149  0.112
 205 M C   0.704  0.178  0.119
 206 H C   0.697  0.161  0.142
 207 L C   0.697  0.151  0.152
 208 Y C   0.771  0.098  0.131
 209 N C   0.804  0.077  0.119
 210 I C   0.878  0.090  0.032
 211 N C   0.875  0.106  0.019
 212 D C   0.845  0.145  0.010
 213 T C   0.864  0.122  0.015
 214 L C   0.871  0.104  0.025
 215 N C   0.934  0.044  0.022
 216 G C   0.942  0.031  0.027
 217 V C   0.908  0.029  0.063
 218 S C   0.920  0.026  0.055
 219 T C   0.955  0.023  0.022
 220 D C   0.971  0.018  0.010
 221 N C   0.977  0.018  0.004
 222 G C   0.964  0.024  0.013
 223 H C   0.930  0.024  0.046
 224 F C   0.882  0.047  0.071
 225 D C   0.871  0.056  0.073
 226 M C   0.826  0.075  0.099
 227 V C   0.811  0.067  0.122
 228 D C   0.760  0.083  0.157
 229 L C   0.811  0.051  0.138
 230 H C   0.854  0.031  0.115
 231 F C   0.891  0.013  0.095
 232 G C   0.956  0.009  0.035
 233 P C   0.971  0.014  0.015
 234 T C   0.908  0.014  0.078
 235 L C   0.900  0.010  0.090
 236 T C   0.924  0.005  0.072
 237 T C   0.971  0.005  0.023
 238 D C   0.991  0.007  0.002
 239 D C   0.993  0.006  0.001
 240 D C   0.996  0.004  0.000
 241 P C   0.775  0.225  0.000
 242 T C   0.756  0.241  0.003
 243 K C   0.696  0.294  0.010
 244 M C   0.686  0.287  0.027
 245 A C   0.660  0.295  0.045
 246 E C   0.670  0.280  0.050
 247 L C   0.768  0.187  0.045
 248 Q C   0.831  0.122  0.047
 249 H C   0.863  0.088  0.049
 250 T C   0.863  0.062  0.075
 251 T C   0.796  0.060  0.144
 252 I C   0.793  0.052  0.155
 253 H C   0.845  0.042  0.113
 254 H C   0.893  0.034  0.073
 255 G C   0.924  0.016  0.060
 256 H C   0.859  0.015  0.127
 257 L C   0.851  0.017  0.132
 258 D C   0.913  0.015  0.072
 259 V C   0.955  0.014  0.031
 260 N C   0.985  0.008  0.008
 261 G C   0.993  0.005  0.002
 262 N C   0.986  0.006  0.008
 263 R C   0.969  0.013  0.018
 264 S C   0.958  0.031  0.010
 265 D C   0.951  0.042  0.007
 266 S C   0.952  0.040  0.008
 267 L C   0.969  0.021  0.011
 268 F C   0.984  0.002  0.014
 269 S C   0.996  0.001  0.003
 270 P C   0.986  0.012  0.003
