# PSIPRED VFORMAT (S4PRED V1.2.4)

   1 M C   1.000  0.000  0.000
   2 K C   0.964  0.033  0.004
   3 L C   0.847  0.144  0.009
   4 L C   0.829  0.163  0.009
   5 S C   0.737  0.258  0.004
   6 S C   0.620  0.378  0.002
   7 I H   0.217  0.781  0.002
   8 E H   0.254  0.744  0.003
   9 Q H   0.270  0.726  0.004
  10 A H   0.264  0.734  0.002
  11 C H   0.364  0.636  0.001
  12 D H   0.186  0.813  0.001
  13 I H   0.132  0.867  0.001
  14 C H   0.202  0.795  0.002
  15 R H   0.286  0.711  0.003
  16 L H   0.368  0.627  0.005
  17 K C   0.614  0.379  0.006
  18 K C   0.776  0.216  0.007
  19 L C   0.912  0.082  0.007
  20 K C   0.873  0.095  0.032
  21 C C   0.916  0.055  0.029
  22 S C   0.936  0.051  0.013
  23 K C   0.954  0.035  0.010
  24 E C   0.967  0.025  0.008
  25 K C   0.978  0.018  0.005
  26 P C   0.930  0.063  0.007
  27 K C   0.884  0.097  0.019
  28 C C   0.751  0.215  0.034
  29 A H   0.348  0.631  0.021
  30 K H   0.247  0.730  0.023
  31 C H   0.239  0.742  0.020
  32 L H   0.317  0.675  0.008
  33 K H   0.388  0.607  0.006
  34 N C   0.717  0.275  0.008
  35 N C   0.854  0.117  0.029
  36 W C   0.693  0.128  0.180
  37 E C   0.449  0.136  0.415
  38 C C   0.501  0.115  0.384
  39 R C   0.607  0.084  0.309
  40 Y C   0.755  0.026  0.219
  41 S C   0.962  0.002  0.036
  42 P C   0.932  0.057  0.011
  43 K C   0.919  0.077  0.004
  44 T C   0.920  0.070  0.010
  45 K C   0.926  0.048  0.026
  46 R C   0.948  0.010  0.042
  47 S C   0.952  0.004  0.043
  48 P C   0.889  0.080  0.031
  49 L C   0.901  0.082  0.017
  50 T C   0.857  0.129  0.014
  51 R H   0.097  0.898  0.005
  52 A H   0.084  0.912  0.004
  53 H H   0.106  0.890  0.004
  54 L H   0.058  0.939  0.003
  55 T H   0.058  0.940  0.003
  56 E H   0.046  0.951  0.003
  57 V H   0.035  0.963  0.002
  58 E H   0.033  0.966  0.001
  59 S H   0.045  0.954  0.001
  60 R H   0.024  0.976  0.000
  61 L H   0.025  0.975  0.000
  62 E H   0.027  0.973  0.000
  63 R H   0.029  0.971  0.000
  64 L H   0.032  0.967  0.000
  65 E H   0.029  0.970  0.000
  66 Q H   0.042  0.957  0.001
  67 L H   0.065  0.931  0.003
  68 F H   0.091  0.898  0.011
  69 L H   0.175  0.809  0.016
  70 L H   0.208  0.764  0.028
  71 I H   0.306  0.661  0.033
  72 F C   0.951  0.020  0.029
  73 P C   0.942  0.033  0.025
  74 R H   0.465  0.534  0.001
  75 E H   0.480  0.520  0.000
  76 D H   0.460  0.540  0.000
  77 L H   0.170  0.828  0.002
  78 D H   0.154  0.840  0.005
  79 M H   0.103  0.882  0.015
  80 I H   0.135  0.842  0.023
  81 L H   0.248  0.723  0.030
  82 K C   0.668  0.307  0.024
  83 M C   0.879  0.109  0.012
  84 D C   0.877  0.120  0.002
  85 S C   0.755  0.244  0.001
  86 L H   0.152  0.847  0.000
  87 Q H   0.123  0.877  0.000
  88 D H   0.118  0.881  0.000
  89 I H   0.055  0.944  0.001
  90 K H   0.039  0.959  0.001
  91 A H   0.052  0.946  0.002
  92 L H   0.066  0.931  0.003
  93 L H   0.124  0.873  0.003
  94 T H   0.287  0.710  0.003
  95 G C   0.544  0.453  0.004
  96 L C   0.646  0.347  0.008
  97 F C   0.688  0.296  0.016
  98 V C   0.835  0.145  0.021
  99 Q C   0.886  0.095  0.018
 100 D C   0.927  0.063  0.010
 101 N C   0.939  0.057  0.005
 102 V C   0.959  0.034  0.007
 103 N C   0.973  0.022  0.005
 104 K C   0.854  0.143  0.004
 105 D C   0.859  0.138  0.003
 106 A C   0.826  0.171  0.004
 107 V C   0.799  0.192  0.009
 108 T C   0.774  0.215  0.012
 109 D C   0.784  0.203  0.013
 110 R C   0.763  0.221  0.016
 111 L C   0.746  0.228  0.025
 112 A C   0.753  0.213  0.034
 113 S C   0.816  0.146  0.038
 114 V C   0.872  0.084  0.044
 115 E C   0.896  0.064  0.040
 116 T C   0.934  0.044  0.022
 117 D C   0.952  0.038  0.010
 118 M C   0.959  0.033  0.008
 119 P C   0.936  0.056  0.008
 120 L C   0.848  0.125  0.028
 121 T C   0.821  0.134  0.046
 122 L C   0.769  0.178  0.053
 123 R C   0.784  0.167  0.048
 124 Q C   0.791  0.163  0.045
 125 H C   0.828  0.131  0.041
 126 R C   0.837  0.102  0.061
 127 I C   0.875  0.084  0.041
 128 S C   0.907  0.066  0.027
 129 A C   0.942  0.040  0.018
 130 T C   0.968  0.019  0.013
 131 S C   0.976  0.013  0.011
 132 S C   0.983  0.010  0.007
 133 S C   0.969  0.027  0.005
 134 E C   0.927  0.066  0.007
 135 E C   0.916  0.077  0.007
 136 S C   0.921  0.076  0.004
 137 S C   0.944  0.054  0.002
 138 N C   0.953  0.046  0.001
 139 K C   0.946  0.052  0.002
 140 G C   0.955  0.039  0.006
 141 Q C   0.944  0.037  0.019
 142 R C   0.936  0.036  0.028
 143 Q C   0.929  0.026  0.045
 144 L C   0.915  0.026  0.059
 145 T C   0.920  0.014  0.067
 146 V C   0.932  0.006  0.061
 147 S C   0.986  0.001  0.013
 148 P C   0.986  0.008  0.005
 149 E C   0.985  0.010  0.005
 150 F C   0.992  0.006  0.002
 151 P C   0.986  0.013  0.001
 152 N C   0.979  0.021  0.001
 153 A C   0.907  0.091  0.002
 154 S C   0.901  0.095  0.004
 155 S C   0.880  0.110  0.010
 156 R C   0.843  0.137  0.020
 157 R C   0.849  0.120  0.030
 158 L C   0.866  0.095  0.039
 159 Q C   0.842  0.102  0.056
 160 K C   0.838  0.102  0.060
 161 T C   0.838  0.089  0.073
 162 I C   0.848  0.087  0.066
 163 S C   0.909  0.063  0.029
 164 N C   0.972  0.024  0.004
 165 G C   0.982  0.017  0.001
 166 N C   0.982  0.015  0.002
 167 S C   0.964  0.031  0.005
 168 K C   0.940  0.053  0.008
 169 R C   0.867  0.123  0.010
 170 D C   0.832  0.158  0.009
 171 E C   0.789  0.196  0.015
 172 W C   0.709  0.268  0.023
 173 D C   0.648  0.312  0.040
 174 E C   0.592  0.340  0.067
 175 F C   0.619  0.302  0.079
 176 M C   0.644  0.267  0.089
 177 F C   0.691  0.217  0.092
 178 S C   0.855  0.068  0.077
 179 L C   0.984  0.005  0.011
 180 P C   0.974  0.020  0.006
 181 E C   0.860  0.138  0.002
 182 S C   0.856  0.141  0.003
 183 S C   0.833  0.162  0.004
 184 L C   0.843  0.150  0.007
 185 A C   0.894  0.099  0.007
 186 N C   0.920  0.074  0.006
 187 D C   0.924  0.070  0.006
 188 L C   0.942  0.053  0.004
 189 T C   0.966  0.030  0.004
 190 T C   0.981  0.016  0.003
 191 G C   0.990  0.008  0.002
 192 N C   0.990  0.009  0.001
 193 D C   0.961  0.036  0.003
 194 E C   0.940  0.053  0.007
 195 N C   0.943  0.047  0.010
 196 M C   0.942  0.037  0.021
 197 D C   0.916  0.033  0.051
 198 I C   0.907  0.029  0.064
 199 S C   0.923  0.016  0.061
 200 L C   0.968  0.006  0.026
 201 P C   0.984  0.008  0.009
 202 A C   0.992  0.006  0.002
 203 G C   0.991  0.004  0.006
 204 H C   0.993  0.002  0.005
 205 S C   0.997  0.001  0.003
 206 P C   0.986  0.013  0.002
 207 T C   0.972  0.023  0.005
 208 K C   0.932  0.055  0.013
 209 E C   0.912  0.068  0.020
 210 Y C   0.928  0.052  0.020
 211 N C   0.952  0.035  0.013
 212 S C   0.978  0.014  0.008
 213 Y C   0.991  0.002  0.007
 214 P C   0.991  0.004  0.005
 215 K C   0.910  0.010  0.081
 216 V C   0.854  0.012  0.134
 217 I C   0.855  0.010  0.135
 218 L C   0.969  0.003  0.028
 219 P C   0.964  0.025  0.011
 220 S C   0.963  0.033  0.004
 221 H C   0.932  0.064  0.004
 222 A C   0.908  0.087  0.005
 223 A C   0.910  0.086  0.004
 224 E C   0.944  0.053  0.003
 225 N C   0.966  0.032  0.002
 226 E C   0.954  0.043  0.003
 227 S C   0.950  0.045  0.005
 228 M C   0.947  0.045  0.008
 229 E C   0.961  0.031  0.008
 230 T C   0.968  0.025  0.007
 231 D C   0.964  0.032  0.004
 232 N C   0.917  0.080  0.003
 233 Y C   0.845  0.147  0.007
 234 E C   0.829  0.159  0.011
 235 R C   0.815  0.172  0.013
 236 A C   0.794  0.194  0.012
 237 S C   0.842  0.146  0.011
 238 L C   0.875  0.116  0.009
 239 L C   0.899  0.094  0.006
 240 E C   0.933  0.062  0.005
 241 D C   0.960  0.038  0.002
 242 S C   0.985  0.014  0.001
 243 Q C   0.999  0.001  0.000
 244 P C   0.992  0.007  0.000
 245 D C   0.975  0.024  0.000
 246 E C   0.936  0.063  0.001
 247 T C   0.930  0.069  0.001
 248 Q C   0.943  0.056  0.001
 249 N C   0.979  0.020  0.001
 250 N C   0.995  0.005  0.000
 251 N C   0.999  0.001  0.000
 252 P C   0.991  0.009  0.000
 253 Q C   0.991  0.009  0.000
 254 N C   0.990  0.010  0.000
 255 N C   0.997  0.003  0.000
 256 N C   0.999  0.000  0.001
 257 P C   0.996  0.003  0.001
 258 H C   0.994  0.005  0.001
 259 S C   0.993  0.006  0.001
 260 N C   0.996  0.003  0.001
 261 G C   0.993  0.006  0.001
 262 S C   0.989  0.005  0.006
 263 S C   0.978  0.004  0.018
 264 I C   0.975  0.001  0.024
 265 S C   0.976  0.001  0.023
 266 P C   0.985  0.003  0.012
 267 V C   0.987  0.003  0.010
 268 G C   0.986  0.004  0.010
 269 K C   0.977  0.016  0.007
 270 N C   0.975  0.023  0.002
 271 D C   0.960  0.037  0.003
 272 S C   0.898  0.056  0.046
 273 V C   0.810  0.079  0.111
 274 M C   0.799  0.063  0.138
 275 L C   0.848  0.048  0.104
 276 A C   0.928  0.025  0.047
 277 S C   0.961  0.009  0.031
 278 G C   0.993  0.001  0.006
 279 S C   0.995  0.000  0.005
 280 P C   0.969  0.002  0.029
 281 V C   0.948  0.003  0.049
 282 L C   0.955  0.002  0.044
 283 K C   0.989  0.001  0.010
 284 P C   0.992  0.004  0.005
 285 Q C   0.992  0.005  0.003
 286 N C   0.993  0.005  0.002
 287 S C   0.992  0.006  0.002
 288 S C   0.988  0.009  0.003
 289 S C   0.987  0.010  0.004
 290 N C   0.980  0.014  0.006
 291 I C   0.962  0.021  0.017
 292 L C   0.953  0.020  0.026
 293 Q C   0.971  0.006  0.023
 294 T C   0.992  0.001  0.007
 295 P C   0.985  0.010  0.005
 296 Y C   0.967  0.027  0.006
 297 S C   0.952  0.035  0.012
 298 S C   0.937  0.041  0.022
 299 K C   0.926  0.044  0.029
 300 R C   0.895  0.048  0.058
 301 V C   0.878  0.034  0.088
 302 F C   0.885  0.021  0.095
 303 K C   0.945  0.003  0.052
 304 S C   0.992  0.000  0.008
 305 P C   0.823  0.174  0.003
 306 A C   0.845  0.151  0.003
 307 D C   0.863  0.130  0.007
 308 I C   0.941  0.052  0.007
 309 S C   0.956  0.037  0.008
 310 S C   0.956  0.038  0.006
 311 T C   0.946  0.048  0.005
 312 E C   0.924  0.066  0.010
 313 Q C   0.925  0.065  0.011
 314 T C   0.940  0.054  0.006
 315 A C   0.928  0.070  0.002
 316 D C   0.914  0.086  0.001
 317 E C   0.881  0.118  0.001
 318 A C   0.878  0.121  0.001
 319 S C   0.937  0.063  0.000
 320 N C   0.966  0.034  0.000
 321 D C   0.962  0.038  0.000
 322 A C   0.955  0.045  0.000
 323 S C   0.957  0.043  0.000
 324 N C   0.954  0.046  0.000
 325 D C   0.943  0.057  0.000
 326 A C   0.904  0.095  0.000
 327 K C   0.917  0.082  0.001
 328 S C   0.926  0.074  0.000
 329 K C   0.935  0.065  0.000
 330 D C   0.946  0.054  0.000
 331 K C   0.925  0.074  0.001
 332 K C   0.928  0.070  0.002
 333 Q C   0.939  0.058  0.003
 334 R C   0.983  0.015  0.002
 335 K C   0.998  0.001  0.001
 336 P C   0.995  0.004  0.001
 337 S C   0.992  0.008  0.000
 338 S C   0.993  0.007  0.000
 339 S C   0.995  0.005  0.000
 340 G C   0.992  0.008  0.000
 341 P C   0.982  0.018  0.000
 342 N C   0.969  0.027  0.004
 343 K C   0.927  0.049  0.024
 344 L C   0.907  0.050  0.043
 345 K C   0.896  0.025  0.078
 346 R C   0.908  0.015  0.077
 347 T C   0.948  0.007  0.045
 348 N C   0.973  0.004  0.024
 349 T C   0.991  0.003  0.007
 350 G C   0.991  0.005  0.004
 351 G C   0.986  0.009  0.005
 352 S C   0.967  0.020  0.013
 353 I C   0.930  0.035  0.035
 354 G C   0.917  0.034  0.049
 355 R C   0.883  0.031  0.086
 356 V C   0.855  0.030  0.115
 357 R C   0.893  0.026  0.081
 358 S C   0.950  0.022  0.028
 359 D C   0.972  0.021  0.007
 360 S C   0.970  0.026  0.004
 361 A C   0.960  0.037  0.003
 362 S C   0.963  0.034  0.003
 363 Q C   0.955  0.039  0.006
