# PSIPRED VFORMAT (S4PRED V1.2.4)

   1 M C   1.000  0.000  0.000
   2 K C   0.963  0.033  0.004
   3 L C   0.851  0.138  0.011
   4 L C   0.840  0.150  0.010
   5 S C   0.762  0.233  0.005
   6 S C   0.657  0.340  0.003
   7 I H   0.258  0.740  0.002
   8 E H   0.298  0.699  0.003
   9 Q H   0.307  0.688  0.005
  10 A H   0.291  0.707  0.002
  11 C H   0.391  0.608  0.001
  12 D H   0.211  0.788  0.001
  13 I H   0.143  0.856  0.002
  14 C H   0.223  0.774  0.002
  15 R H   0.298  0.699  0.003
  16 L H   0.369  0.626  0.005
  17 K C   0.630  0.364  0.006
  18 K C   0.790  0.203  0.007
  19 L C   0.910  0.083  0.007
  20 K C   0.875  0.092  0.034
  21 C C   0.914  0.054  0.032
  22 S C   0.927  0.056  0.017
  23 K C   0.946  0.040  0.013
  24 E C   0.959  0.030  0.011
  25 K C   0.974  0.018  0.007
  26 P C   0.930  0.061  0.010
  27 K C   0.886  0.092  0.022
  28 C C   0.767  0.196  0.037
  29 A H   0.375  0.603  0.023
  30 K H   0.273  0.703  0.025
  31 C H   0.264  0.714  0.022
  32 L H   0.333  0.658  0.009
  33 K H   0.402  0.591  0.007
  34 N C   0.720  0.271  0.009
  35 N C   0.845  0.124  0.031
  36 W C   0.701  0.132  0.167
  37 E C   0.484  0.140  0.376
  38 C C   0.530  0.120  0.350
  39 R C   0.620  0.087  0.292
  40 Y C   0.754  0.029  0.217
  41 S C   0.955  0.003  0.043
  42 P C   0.928  0.057  0.015
  43 K C   0.915  0.079  0.006
  44 T C   0.914  0.071  0.015
  45 K C   0.919  0.048  0.033
  46 R C   0.936  0.011  0.053
  47 S C   0.937  0.004  0.058
  48 P C   0.889  0.072  0.039
  49 L C   0.904  0.076  0.021
  50 T C   0.865  0.119  0.015
  51 R H   0.086  0.909  0.005
  52 A H   0.073  0.923  0.004
  53 H H   0.093  0.903  0.004
  54 L H   0.047  0.951  0.002
  55 T H   0.047  0.951  0.002
  56 E H   0.037  0.962  0.002
  57 V H   0.027  0.971  0.002
  58 E H   0.025  0.975  0.001
  59 S H   0.036  0.964  0.000
  60 R H   0.022  0.978  0.000
  61 L H   0.023  0.977  0.000
  62 E H   0.027  0.972  0.000
  63 R H   0.030  0.970  0.000
  64 L H   0.033  0.967  0.000
  65 E H   0.028  0.972  0.000
  66 Q H   0.040  0.959  0.001
  67 L H   0.066  0.931  0.003
  68 F H   0.091  0.899  0.010
  69 L H   0.178  0.807  0.015
  70 L H   0.213  0.761  0.026
  71 I H   0.311  0.658  0.031
  72 F C   0.949  0.022  0.029
  73 P C   0.941  0.034  0.024
  74 R H   0.427  0.573  0.001
  75 E H   0.443  0.557  0.000
  76 D H   0.429  0.570  0.000
  77 L H   0.143  0.855  0.002
  78 D H   0.126  0.869  0.005
  79 M H   0.078  0.910  0.013
  80 I H   0.105  0.876  0.019
  81 L H   0.213  0.761  0.026
  82 K C   0.661  0.316  0.023
  83 M C   0.882  0.106  0.012
  84 D C   0.886  0.111  0.003
  85 S C   0.777  0.222  0.001
  86 L H   0.125  0.874  0.001
  87 Q H   0.091  0.908  0.001
  88 D H   0.083  0.916  0.000
  89 I H   0.032  0.968  0.001
  90 K H   0.021  0.978  0.001
  91 A H   0.028  0.971  0.002
  92 L H   0.036  0.962  0.002
  93 L H   0.085  0.913  0.002
  94 T H   0.236  0.762  0.002
  95 G H   0.474  0.523  0.003
  96 L C   0.585  0.409  0.006
  97 F C   0.637  0.351  0.012
  98 V C   0.808  0.176  0.015
  99 Q C   0.874  0.112  0.014
 100 D C   0.919  0.072  0.010
 101 N C   0.922  0.072  0.006
 102 V C   0.948  0.044  0.009
 103 N C   0.966  0.028  0.006
 104 K C   0.781  0.215  0.004
 105 D C   0.800  0.197  0.003
 106 A C   0.756  0.240  0.004
 107 V C   0.716  0.275  0.009
 108 T C   0.698  0.290  0.012
 109 D C   0.710  0.277  0.013
 110 R C   0.685  0.297  0.018
 111 L C   0.684  0.289  0.027
 112 A C   0.707  0.260  0.033
 113 S C   0.781  0.183  0.036
 114 V C   0.848  0.110  0.042
 115 E C   0.876  0.083  0.041
 116 T C   0.913  0.061  0.026
 117 D C   0.934  0.054  0.013
 118 M C   0.944  0.046  0.010
 119 P C   0.923  0.067  0.010
 120 L C   0.820  0.147  0.033
 121 T C   0.788  0.160  0.053
 122 L C   0.736  0.208  0.056
 123 R C   0.757  0.192  0.051
 124 Q C   0.754  0.200  0.046
 125 H C   0.808  0.152  0.040
 126 R C   0.822  0.121  0.056
 127 I C   0.857  0.103  0.040
 128 S C   0.893  0.081  0.026
 129 A C   0.931  0.050  0.019
 130 T C   0.961  0.025  0.014
 131 S C   0.971  0.016  0.013
 132 S C   0.979  0.012  0.009
 133 S C   0.968  0.026  0.006
 134 E C   0.930  0.062  0.008
 135 E C   0.923  0.069  0.008
 136 S C   0.928  0.068  0.005
 137 S C   0.944  0.053  0.003
 138 N C   0.950  0.048  0.002
 139 K C   0.944  0.053  0.003
 140 G C   0.950  0.042  0.008
 141 Q C   0.938  0.040  0.022
 142 R C   0.928  0.039  0.033
 143 Q C   0.919  0.031  0.051
 144 L C   0.903  0.031  0.066
 145 T C   0.912  0.017  0.071
 146 V C   0.922  0.009  0.069
 147 S C   0.982  0.002  0.016
 148 P C   0.983  0.010  0.007
 149 E C   0.980  0.013  0.007
 150 F C   0.989  0.007  0.004
 151 P C   0.983  0.015  0.002
 152 N C   0.971  0.028  0.001
 153 A C   0.888  0.109  0.003
 154 S C   0.887  0.107  0.005
 155 S C   0.839  0.151  0.010
 156 R C   0.783  0.196  0.021
 157 R C   0.790  0.182  0.028
 158 L C   0.803  0.160  0.037
 159 Q C   0.785  0.162  0.053
 160 K C   0.796  0.151  0.054
 161 T C   0.803  0.133  0.064
 162 I C   0.815  0.123  0.062
 163 S C   0.878  0.092  0.030
 164 N C   0.948  0.045  0.006
 165 G C   0.965  0.034  0.002
 166 N C   0.963  0.033  0.004
 167 S C   0.939  0.053  0.008
 168 K C   0.905  0.084  0.011
 169 R C   0.798  0.189  0.013
 170 D C   0.759  0.231  0.010
 171 E C   0.707  0.280  0.014
 172 W C   0.574  0.404  0.022
 173 D C   0.523  0.446  0.031
 174 E C   0.481  0.468  0.051
 175 F C   0.502  0.430  0.067
 176 M C   0.522  0.400  0.078
 177 F C   0.575  0.346  0.078
 178 S C   0.816  0.121  0.063
 179 L C   0.972  0.012  0.015
 180 P C   0.954  0.037  0.009
 181 E C   0.842  0.157  0.001
 182 S C   0.821  0.178  0.001
 183 S C   0.753  0.246  0.002
 184 L C   0.688  0.310  0.002
 185 A C   0.766  0.232  0.002
 186 N C   0.783  0.215  0.002
 187 D C   0.775  0.224  0.001
 188 L C   0.602  0.396  0.002
 189 D C   0.604  0.393  0.003
 190 S C   0.671  0.321  0.008
 191 L C   0.812  0.179  0.009
 192 A C   0.834  0.156  0.010
 193 L C   0.547  0.447  0.006
 194 D C   0.587  0.411  0.002
 195 D C   0.557  0.442  0.001
 196 L H   0.425  0.574  0.001
 197 D H   0.380  0.619  0.001
 198 R H   0.351  0.646  0.002
 199 A H   0.347  0.646  0.006
 200 F H   0.328  0.651  0.020
 201 E H   0.403  0.570  0.026
 202 L H   0.448  0.519  0.033
 203 V C   0.493  0.488  0.019
 204 E C   0.659  0.329  0.012
 205 G C   0.855  0.142  0.004
 206 M C   0.926  0.068  0.006
 207 D C   0.941  0.048  0.011
 208 M C   0.841  0.138  0.021
 209 D C   0.806  0.160  0.034
 210 W C   0.819  0.147  0.034
 211 M C   0.895  0.083  0.021
 212 M C   0.986  0.009  0.005
 213 P C   0.975  0.021  0.004
 214 S C   0.977  0.022  0.001
 215 H C   0.968  0.029  0.003
 216 A C   0.969  0.027  0.004
 217 H C   0.984  0.012  0.005
 218 H C   0.996  0.001  0.003
 219 S C   1.000  0.000  0.000
 220 P C   0.996  0.004  0.000
