# PSIPRED VFORMAT (S4PRED V1.2.4)

   1 M C   1.000  0.000  0.000
   2 K C   0.964  0.031  0.005
   3 L C   0.853  0.134  0.013
   4 L C   0.842  0.147  0.012
   5 S C   0.765  0.229  0.006
   6 S C   0.660  0.336  0.003
   7 I H   0.257  0.740  0.003
   8 E H   0.298  0.698  0.004
   9 Q H   0.308  0.686  0.006
  10 A H   0.289  0.708  0.003
  11 C H   0.389  0.610  0.001
  12 D H   0.210  0.789  0.001
  13 I H   0.141  0.857  0.002
  14 C H   0.221  0.777  0.002
  15 R H   0.295  0.701  0.003
  16 L H   0.367  0.628  0.005
  17 K C   0.627  0.366  0.007
  18 K C   0.790  0.202  0.008
  19 L C   0.910  0.082  0.008
  20 K C   0.872  0.090  0.037
  21 C C   0.912  0.053  0.035
  22 S C   0.927  0.055  0.018
  23 K C   0.946  0.040  0.015
  24 E C   0.959  0.029  0.012
  25 K C   0.975  0.018  0.008
  26 P C   0.931  0.059  0.010
  27 K C   0.887  0.089  0.024
  28 C C   0.767  0.193  0.040
  29 A H   0.376  0.600  0.024
  30 K H   0.273  0.701  0.027
  31 C H   0.266  0.711  0.024
  32 L H   0.337  0.654  0.009
  33 K H   0.407  0.586  0.007
  34 N C   0.723  0.267  0.010
  35 N C   0.845  0.120  0.035
  36 W C   0.691  0.124  0.185
  37 E C   0.462  0.132  0.406
  38 C C   0.511  0.112  0.377
  39 R C   0.600  0.082  0.319
  40 Y C   0.739  0.026  0.235
  41 S C   0.951  0.002  0.047
  42 P C   0.929  0.054  0.017
  43 K C   0.918  0.076  0.007
  44 T C   0.915  0.068  0.017
  45 K C   0.917  0.046  0.036
  46 R C   0.932  0.010  0.059
  47 S C   0.931  0.004  0.065
  48 P C   0.888  0.069  0.044
  49 L C   0.906  0.072  0.022
  50 T C   0.868  0.115  0.017
  51 R H   0.087  0.907  0.006
  52 A H   0.074  0.922  0.004
  53 H H   0.094  0.902  0.004
  54 L H   0.047  0.950  0.003
  55 T H   0.047  0.950  0.002
  56 E H   0.037  0.961  0.002
  57 V H   0.028  0.970  0.002
  58 E H   0.025  0.974  0.001
  59 S H   0.037  0.962  0.001
  60 R H   0.023  0.977  0.000
  61 L H   0.025  0.975  0.000
  62 E H   0.029  0.970  0.000
  63 R H   0.033  0.967  0.000
  64 L H   0.037  0.963  0.000
  65 E H   0.031  0.968  0.001
  66 Q H   0.045  0.953  0.001
  67 L H   0.071  0.925  0.004
  68 F H   0.095  0.893  0.013
  69 L H   0.186  0.795  0.019
  70 L H   0.217  0.751  0.032
  71 I H   0.323  0.639  0.038
  72 F C   0.946  0.019  0.035
  73 P C   0.939  0.032  0.029
  74 R H   0.442  0.557  0.001
  75 E H   0.460  0.540  0.000
  76 D H   0.440  0.560  0.000
  77 L H   0.150  0.847  0.002
  78 D H   0.132  0.862  0.006
  79 M H   0.080  0.905  0.015
  80 I H   0.108  0.869  0.022
  81 L H   0.220  0.750  0.030
  82 K C   0.667  0.308  0.025
  83 M C   0.885  0.101  0.014
  84 D C   0.892  0.105  0.003
  85 S C   0.781  0.218  0.002
  86 L H   0.128  0.871  0.001
  87 Q H   0.095  0.904  0.001
  88 D H   0.086  0.914  0.000
  89 I H   0.034  0.965  0.001
  90 K H   0.022  0.977  0.001
  91 A H   0.029  0.969  0.002
  92 L H   0.038  0.960  0.002
  93 L H   0.090  0.907  0.003
  94 T H   0.252  0.745  0.002
  95 G H   0.492  0.505  0.003
  96 L C   0.610  0.384  0.006
  97 F C   0.657  0.329  0.013
  98 V C   0.818  0.165  0.017
  99 Q C   0.877  0.107  0.015
 100 D C   0.921  0.068  0.011
 101 N C   0.927  0.067  0.006
 102 V C   0.950  0.040  0.009
 103 N C   0.968  0.025  0.007
 104 K C   0.793  0.202  0.005
 105 D C   0.810  0.186  0.004
 106 A C   0.765  0.231  0.004
 107 V C   0.726  0.263  0.011
 108 T C   0.706  0.280  0.014
 109 D C   0.716  0.269  0.015
 110 R C   0.687  0.293  0.020
 111 L C   0.686  0.285  0.030
 112 A C   0.710  0.254  0.036
 113 S C   0.780  0.181  0.040
 114 V C   0.850  0.105  0.045
 115 E C   0.878  0.078  0.044
 116 T C   0.916  0.056  0.028
 117 D C   0.937  0.050  0.013
 118 M C   0.946  0.043  0.010
 119 P C   0.926  0.063  0.011
 120 L C   0.820  0.144  0.036
 121 T C   0.787  0.156  0.057
 122 L C   0.733  0.206  0.061
 123 R C   0.751  0.194  0.055
 124 Q C   0.750  0.200  0.050
 125 H C   0.805  0.153  0.043
 126 R C   0.824  0.116  0.060
 127 I C   0.861  0.097  0.042
 128 S C   0.896  0.077  0.028
 129 A C   0.934  0.046  0.019
 130 T C   0.962  0.023  0.015
 131 S C   0.971  0.015  0.013
 132 S C   0.979  0.012  0.009
 133 S C   0.968  0.026  0.007
 134 E C   0.927  0.065  0.009
 135 E C   0.920  0.071  0.008
 136 S C   0.925  0.071  0.005
 137 S C   0.943  0.054  0.003
 138 N C   0.948  0.050  0.002
 139 K C   0.942  0.055  0.003
 140 G C   0.948  0.043  0.009
 141 Q C   0.937  0.040  0.023
 142 R C   0.927  0.039  0.034
 143 Q C   0.918  0.030  0.052
 144 L C   0.904  0.029  0.067
 145 T C   0.911  0.015  0.073
 146 V C   0.923  0.008  0.069
 147 S C   0.982  0.001  0.016
 148 P C   0.982  0.011  0.007
 149 E C   0.979  0.014  0.007
 150 F C   0.989  0.007  0.004
 151 P C   0.982  0.016  0.002
 152 N C   0.970  0.029  0.001
 153 A C   0.884  0.113  0.003
 154 S C   0.883  0.111  0.005
 155 S C   0.844  0.145  0.011
 156 R C   0.796  0.182  0.022
 157 R C   0.810  0.161  0.029
 158 L C   0.824  0.140  0.037
 159 Q C   0.799  0.150  0.051
 160 K C   0.805  0.143  0.052
 161 T C   0.811  0.128  0.061
 162 I C   0.823  0.120  0.057
 163 S C   0.883  0.091  0.026
 164 N C   0.951  0.044  0.005
 165 G C   0.966  0.033  0.001
 166 N C   0.967  0.030  0.003
 167 S C   0.945  0.049  0.007
 168 K C   0.911  0.080  0.009
 169 R C   0.781  0.209  0.010
 170 D C   0.744  0.247  0.008
 171 E C   0.690  0.298  0.011
 172 W C   0.547  0.434  0.018
 173 D C   0.496  0.478  0.026
 174 E H   0.445  0.516  0.039
 175 F C   0.483  0.475  0.042
 176 M C   0.511  0.440  0.049
 177 F C   0.578  0.371  0.051
 178 S C   0.835  0.120  0.044
 179 L C   0.983  0.009  0.009
 180 P C   0.957  0.037  0.006
 181 E C   0.825  0.175  0.000
 182 S C   0.811  0.189  0.001
 183 S C   0.776  0.223  0.001
 184 L C   0.828  0.170  0.001
 185 A C   0.906  0.093  0.001
 186 N C   0.929  0.070  0.001
 187 D C   0.993  0.007  0.000
 188 L C   0.999  0.001  0.000
