# PSIPRED VFORMAT (S4PRED V1.2.4)

   1 M C   1.000  0.000  0.000
   2 G C   0.993  0.007  0.000
   3 E C   0.971  0.029  0.000
   4 Q C   0.955  0.044  0.001
   5 V C   0.907  0.091  0.001
   6 E C   0.914  0.085  0.001
   7 D C   0.892  0.107  0.001
   8 M C   0.664  0.336  0.000
   9 D C   0.627  0.372  0.001
  10 K C   0.665  0.331  0.004
  11 L C   0.745  0.247  0.008
  12 Y C   0.881  0.104  0.014
  13 E C   0.971  0.019  0.011
  14 T C   0.994  0.001  0.005
  15 P C   0.972  0.021  0.006
  16 I C   0.910  0.083  0.007
  17 D C   0.885  0.104  0.011
  18 M C   0.832  0.154  0.014
  19 Q C   0.834  0.141  0.025
  20 T C   0.832  0.133  0.035
  21 T C   0.809  0.140  0.051
  22 I C   0.606  0.302  0.092
  23 F C   0.551  0.360  0.089
  24 D C   0.583  0.360  0.057
  25 Q C   0.662  0.318  0.020
  26 V C   0.638  0.349  0.013
  27 D C   0.629  0.369  0.002
  28 N C   0.584  0.414  0.002
  29 Y C   0.571  0.406  0.023
  30 L C   0.522  0.439  0.039
  31 H C   0.579  0.378  0.042
  32 M C   0.631  0.338  0.031
  33 V C   0.680  0.303  0.016
  34 N C   0.756  0.238  0.006
  35 S C   0.842  0.156  0.002
  36 G C   0.915  0.083  0.002
  37 L C   0.940  0.056  0.003
  38 Q C   0.956  0.040  0.004
  39 H C   0.970  0.027  0.003
  40 D C   0.968  0.029  0.003
  41 E C   0.957  0.041  0.002
  42 K C   0.951  0.047  0.002
  43 E C   0.923  0.076  0.002
  44 D C   0.889  0.110  0.001
  45 E C   0.892  0.106  0.002
  46 H C   0.899  0.097  0.004
  47 R C   0.895  0.099  0.006
  48 E C   0.910  0.084  0.006
  49 H C   0.902  0.092  0.006
  50 E C   0.877  0.119  0.004
  51 D C   0.865  0.131  0.004
  52 A C   0.864  0.131  0.005
  53 I C   0.877  0.115  0.008
  54 D C   0.918  0.078  0.005
  55 G C   0.932  0.066  0.002
  56 G C   0.931  0.065  0.004
  57 A C   0.890  0.098  0.012
  58 S C   0.851  0.094  0.055
  59 L C   0.796  0.119  0.085
  60 N C   0.742  0.137  0.122
  61 M C   0.692  0.167  0.140
  62 H C   0.675  0.157  0.169
  63 L C   0.675  0.145  0.180
  64 Y C   0.762  0.095  0.143
  65 N C   0.795  0.073  0.132
  66 I C   0.881  0.081  0.038
  67 N C   0.879  0.101  0.021
  68 D C   0.852  0.138  0.011
  69 T C   0.870  0.117  0.013
  70 L C   0.881  0.096  0.023
  71 N C   0.941  0.039  0.020
  72 G C   0.944  0.030  0.026
  73 V C   0.898  0.026  0.076
  74 S C   0.915  0.022  0.063
  75 T C   0.960  0.017  0.023
  76 D C   0.979  0.013  0.008
  77 N C   0.986  0.011  0.003
  78 G C   0.975  0.015  0.010
  79 H C   0.932  0.019  0.049
  80 F C   0.878  0.036  0.086
  81 D C   0.871  0.042  0.088
  82 M C   0.813  0.057  0.130
  83 V C   0.788  0.054  0.158
  84 D C   0.734  0.073  0.193
  85 L C   0.784  0.046  0.170
  86 H C   0.834  0.026  0.140
  87 F C   0.872  0.012  0.116
  88 G C   0.959  0.008  0.033
  89 P C   0.971  0.015  0.014
  90 T C   0.905  0.012  0.082
  91 L C   0.898  0.008  0.094
  92 T C   0.924  0.003  0.073
  93 T C   0.976  0.003  0.021
  94 D C   0.995  0.004  0.001
  95 D C   0.996  0.003  0.000
  96 D C   0.996  0.004  0.000
  97 P C   0.755  0.245  0.000
  98 T C   0.752  0.246  0.002
  99 K C   0.703  0.290  0.007
 100 M C   0.687  0.293  0.020
 101 A C   0.665  0.301  0.034
 102 E C   0.681  0.275  0.044
 103 L C   0.784  0.179  0.037
 104 Q C   0.846  0.113  0.042
 105 H C   0.874  0.078  0.048
 106 T C   0.876  0.050  0.074
 107 T C   0.781  0.055  0.164
 108 I C   0.783  0.047  0.170
 109 H C   0.851  0.033  0.117
 110 H C   0.905  0.027  0.068
 111 G C   0.939  0.012  0.049
 112 H C   0.881  0.012  0.107
 113 L C   0.877  0.014  0.109
 114 D C   0.924  0.011  0.065
 115 V C   0.962  0.011  0.027
 116 N C   0.988  0.006  0.006
 117 G C   0.995  0.003  0.002
 118 N C   0.989  0.004  0.007
 119 R C   0.973  0.007  0.020
 120 S C   0.971  0.017  0.013
 121 D C   0.968  0.024  0.008
 122 S C   0.964  0.025  0.012
 123 L C   0.971  0.012  0.017
 124 F C   0.974  0.003  0.023
 125 S C   0.989  0.003  0.008
 126 P C   0.980  0.016  0.005
 127 F C   0.986  0.011  0.002
 128 D C   0.991  0.007  0.001
 129 S C   0.995  0.004  0.001
 130 P C   0.974  0.024  0.002
 131 L C   0.963  0.025  0.013
 132 V C   0.957  0.021  0.022
 133 H C   0.968  0.013  0.019
 134 D C   0.985  0.004  0.012
 135 T C   0.993  0.005  0.002
 136 P C   0.974  0.025  0.001
 137 S C   0.963  0.034  0.003
 138 L C   0.832  0.156  0.012
 139 E C   0.799  0.181  0.020
 140 A C   0.818  0.163  0.020
 141 R C   0.842  0.145  0.013
 142 N C   0.867  0.124  0.009
 143 S C   0.887  0.085  0.028
 144 I C   0.824  0.078  0.098
 145 Q C   0.853  0.053  0.094
 146 L C   0.901  0.040  0.059
 147 T C   0.937  0.029  0.033
 148 N C   0.962  0.020  0.018
 149 E C   0.978  0.018  0.004
 150 G C   0.976  0.020  0.004
 151 S C   0.971  0.021  0.008
 152 T C   0.954  0.029  0.017
 153 S C   0.940  0.035  0.026
 154 A C   0.932  0.034  0.034
 155 L C   0.929  0.024  0.047
 156 T C   0.953  0.009  0.038
 157 T C   0.971  0.010  0.019
 158 P C   0.960  0.031  0.009
 159 F C   0.933  0.035  0.032
 160 L C   0.929  0.040  0.031
 161 S C   0.958  0.015  0.027
 162 G C   0.981  0.005  0.014
 163 K C   0.982  0.004  0.014
 164 N C   0.976  0.006  0.018
 165 H C   0.961  0.010  0.029
 166 Y C   0.945  0.014  0.041
 167 D C   0.967  0.022  0.010
 168 D C   0.982  0.016  0.002
 169 H C   0.989  0.011  0.000
 170 G C   0.988  0.011  0.000
 171 N C   0.983  0.015  0.002
 172 S C   0.958  0.020  0.022
 173 I C   0.944  0.030  0.026
 174 N C   0.939  0.039  0.022
 175 S C   0.926  0.058  0.016
 176 Q C   0.923  0.055  0.022
 177 S C   0.905  0.060  0.035
 178 F C   0.894  0.057  0.049
 179 N C   0.902  0.044  0.055
 180 Y C   0.908  0.044  0.048
 181 H C   0.925  0.038  0.037
 182 N C   0.948  0.035  0.017
 183 R C   0.971  0.023  0.005
 184 N C   0.974  0.020  0.007
 185 S C   0.960  0.028  0.011
 186 S C   0.941  0.038  0.021
 187 L C   0.904  0.055  0.041
 188 S C   0.896  0.051  0.052
 189 K C   0.875  0.043  0.082
 190 V C   0.885  0.029  0.086
 191 S C   0.926  0.015  0.059
 192 G C   0.946  0.011  0.043
 193 K C   0.928  0.006  0.065
 194 F C   0.938  0.002  0.059
 195 S C   0.961  0.002  0.038
 196 P C   0.971  0.003  0.026
 197 I C   0.983  0.002  0.015
 198 S C   0.985  0.001  0.014
 199 S C   0.990  0.004  0.006
 200 P C   0.963  0.032  0.004
 201 A C   0.955  0.028  0.016
 202 L C   0.946  0.029  0.026
 203 T C   0.955  0.022  0.022
 204 S C   0.972  0.015  0.013
 205 T C   0.975  0.020  0.005
 206 N C   0.949  0.049  0.002
 207 Q C   0.889  0.109  0.002
 208 E C   0.880  0.112  0.007
 209 Q C   0.880  0.104  0.016
 210 Q C   0.882  0.102  0.016
 211 H C   0.892  0.086  0.021
 212 W C   0.906  0.070  0.024
 213 N C   0.919  0.061  0.020
 214 T C   0.944  0.048  0.008
 215 S C   0.957  0.037  0.006
 216 S C   0.962  0.031  0.007
 217 R C   0.961  0.030  0.009
 218 R C   0.953  0.030  0.017
 219 A C   0.960  0.026  0.014
 220 S C   0.969  0.021  0.010
 221 N C   0.980  0.015  0.006
 222 S C   0.985  0.011  0.004
 223 S C   0.983  0.011  0.006
 224 S C   0.973  0.018  0.008
 225 R C   0.968  0.019  0.013
 226 S C   0.951  0.016  0.033
 227 K C   0.901  0.011  0.088
 228 R C   0.866  0.008  0.126
 229 V C   0.868  0.005  0.127
 230 L C   0.940  0.001  0.059
 231 P C   0.986  0.003  0.011
 232 S C   0.995  0.002  0.003
 233 G C   0.996  0.002  0.002
 234 N C   0.994  0.002  0.003
 235 S C   0.985  0.005  0.010
 236 S C   0.974  0.009  0.017
 237 V C   0.964  0.015  0.021
 238 S C   0.959  0.020  0.022
 239 S C   0.944  0.035  0.021
 240 T C   0.947  0.038  0.015
 241 S C   0.961  0.025  0.014
 242 N C   0.969  0.021  0.010
 243 K C   0.929  0.037  0.033
 244 V C   0.859  0.060  0.081
 245 I C   0.841  0.068  0.091
 246 K C   0.894  0.054  0.052
 247 N C   0.972  0.015  0.013
 248 S C   0.992  0.004  0.004
 249 P C   0.952  0.046  0.003
 250 Y C   0.952  0.041  0.007
 251 M C   0.940  0.045  0.015
 252 N C   0.944  0.042  0.014
 253 A C   0.886  0.103  0.011
 254 S C   0.874  0.118  0.008
 255 S C   0.848  0.141  0.011
 256 R C   0.801  0.179  0.021
 257 R C   0.803  0.162  0.035
 258 L C   0.823  0.130  0.047
 259 Q C   0.785  0.152  0.063
 260 K C   0.789  0.143  0.068
 261 T C   0.795  0.125  0.079
 262 I C   0.814  0.121  0.066
 263 S C   0.885  0.088  0.027
 264 N C   0.966  0.031  0.003
 265 G C   0.981  0.018  0.001
 266 N C   0.982  0.016  0.002
 267 S C   0.960  0.034  0.006
 268 K C   0.930  0.060  0.010
 269 R C   0.856  0.131  0.013
 270 D C   0.819  0.169  0.012
 271 E C   0.773  0.209  0.019
 272 W C   0.691  0.281  0.028
 273 D C   0.632  0.325  0.043
 274 E C   0.592  0.331  0.077
 275 F C   0.607  0.302  0.092
 276 M C   0.626  0.268  0.105
 277 F C   0.669  0.227  0.104
 278 S C   0.835  0.077  0.089
 279 L C   0.983  0.006  0.011
 280 P C   0.974  0.021  0.006
 281 E C   0.841  0.157  0.002
 282 S C   0.826  0.170  0.003
 283 S C   0.808  0.187  0.005
 284 L C   0.834  0.158  0.007
 285 A C   0.895  0.098  0.007
 286 N C   0.919  0.075  0.006
 287 D C   0.923  0.071  0.006
 288 L C   0.942  0.054  0.005
 289 T C   0.966  0.030  0.004
 290 T C   0.982  0.015  0.003
 291 G C   0.991  0.008  0.001
 292 N C   0.989  0.010  0.001
 293 D C   0.955  0.042  0.003
 294 E C   0.935  0.058  0.007
 295 N C   0.939  0.050  0.011
 296 M C   0.942  0.035  0.023
 297 D C   0.910  0.029  0.061
 298 I C   0.896  0.028  0.076
 299 S C   0.910  0.016  0.074
 300 L C   0.964  0.005  0.032
 301 P C   0.984  0.006  0.010
 302 A C   0.993  0.004  0.002
 303 G C   0.991  0.003  0.006
 304 H C   0.993  0.002  0.005
 305 S C   0.997  0.001  0.002
 306 P C   0.986  0.012  0.001
 307 T C   0.973  0.024  0.003
 308 K C   0.930  0.059  0.012
 309 E C   0.910  0.071  0.019
 310 Y C   0.923  0.058  0.020
 311 N C   0.948  0.039  0.012
 312 S C   0.977  0.016  0.007
 313 Y C   0.992  0.002  0.006
 314 P C   0.992  0.003  0.005
 315 K C   0.883  0.009  0.108
 316 V C   0.800  0.012  0.188
 317 I C   0.813  0.011  0.176
 318 L C   0.961  0.003  0.036
 319 P C   0.959  0.027  0.014
 320 S C   0.957  0.039  0.004
 321 H C   0.919  0.077  0.004
 322 A C   0.892  0.103  0.004
 323 A C   0.898  0.098  0.004
 324 E C   0.937  0.061  0.003
 325 N C   0.965  0.034  0.002
 326 E C   0.950  0.048  0.002
 327 S C   0.947  0.047  0.006
 328 M C   0.942  0.049  0.009
 329 E C   0.957  0.035  0.008
 330 T C   0.966  0.028  0.006
 331 D C   0.961  0.035  0.003
 332 N C   0.910  0.087  0.003
 333 Y C   0.836  0.158  0.006
 334 E C   0.811  0.178  0.011
 335 R C   0.797  0.189  0.013
 336 A C   0.765  0.222  0.013
 337 S C   0.811  0.177  0.012
 338 L C   0.852  0.138  0.010
 339 L C   0.879  0.114  0.007
 340 E C   0.919  0.075  0.005
 341 D C   0.952  0.046  0.003
 342 S C   0.982  0.018  0.001
 343 Q C   0.999  0.001  0.000
 344 P C   0.991  0.008  0.000
 345 D C   0.971  0.029  0.000
 346 E C   0.921  0.078  0.000
 347 T C   0.910  0.089  0.001
 348 Q C   0.930  0.069  0.001
 349 N C   0.975  0.024  0.000
 350 N C   0.994  0.006  0.000
 351 N C   0.999  0.001  0.000
 352 P C   0.990  0.010  0.000
 353 Q C   0.990  0.010  0.000
 354 N C   0.989  0.011  0.000
 355 N C   0.997  0.003  0.000
 356 N C   0.999  0.000  0.000
 357 P C   0.996  0.003  0.000
 358 H C   0.994  0.006  0.001
 359 S C   0.992  0.007  0.001
 360 N C   0.995  0.004  0.001
 361 G C   0.993  0.006  0.001
 362 S C   0.988  0.006  0.006
 363 S C   0.976  0.005  0.019
 364 I C   0.974  0.001  0.025
 365 S C   0.978  0.001  0.021
 366 P C   0.985  0.003  0.012
 367 V C   0.990  0.003  0.008
 368 G C   0.987  0.005  0.008
 369 K C   0.975  0.018  0.006
 370 N C   0.973  0.025  0.002
 371 D C   0.955  0.042  0.003
 372 S C   0.884  0.065  0.051
 373 V C   0.789  0.089  0.122
 374 M C   0.781  0.070  0.149
 375 L C   0.838  0.050  0.112
 376 A C   0.924  0.024  0.052
 377 S C   0.958  0.008  0.034
 378 G C   0.992  0.001  0.007
 379 S C   0.994  0.000  0.005
 380 P C   0.970  0.002  0.028
 381 V C   0.945  0.003  0.053
 382 L C   0.954  0.002  0.045
 383 K C   0.988  0.001  0.011
 384 P C   0.991  0.004  0.005
 385 Q C   0.991  0.006  0.003
 386 N C   0.992  0.006  0.002
 387 S C   0.991  0.007  0.002
 388 S C   0.986  0.011  0.003
 389 S C   0.985  0.011  0.004
 390 N C   0.978  0.016  0.006
 391 I C   0.957  0.025  0.019
 392 L C   0.948  0.023  0.029
 393 Q C   0.968  0.008  0.025
 394 T C   0.991  0.002  0.008
 395 P C   0.985  0.011  0.004
 396 Y C   0.964  0.029  0.006
 397 S C   0.946  0.040  0.014
 398 S C   0.930  0.045  0.025
 399 K C   0.919  0.049  0.032
 400 R C   0.884  0.055  0.061
 401 V C   0.866  0.039  0.095
 402 F C   0.872  0.023  0.106
 403 K C   0.941  0.003  0.056
 404 S C   0.992  0.001  0.008
 405 P C   0.837  0.160  0.003
 406 A C   0.855  0.141  0.004
 407 D C   0.869  0.123  0.007
 408 I C   0.935  0.057  0.007
 409 S C   0.951  0.041  0.008
 410 S C   0.950  0.044  0.006
 411 T C   0.939  0.056  0.005
 412 E C   0.913  0.077  0.009
 413 Q C   0.908  0.082  0.011
 414 T C   0.926  0.069  0.005
 415 A C   0.906  0.093  0.002
 416 D C   0.889  0.110  0.001
 417 E C   0.854  0.145  0.001
 418 A C   0.851  0.149  0.001
 419 S C   0.924  0.075  0.000
 420 N C   0.960  0.040  0.000
 421 D C   0.954  0.046  0.000
 422 A C   0.945  0.055  0.000
 423 S C   0.950  0.050  0.000
 424 N C   0.948  0.052  0.000
 425 D C   0.936  0.064  0.000
 426 A C   0.889  0.111  0.000
 427 K C   0.906  0.094  0.001
 428 S C   0.920  0.080  0.000
 429 K C   0.932  0.068  0.000
 430 D C   0.939  0.060  0.000
 431 K C   0.921  0.078  0.001
 432 K C   0.924  0.074  0.002
 433 Q C   0.938  0.059  0.003
 434 R C   0.982  0.016  0.002
 435 K C   0.998  0.001  0.001
 436 P C   0.996  0.004  0.001
 437 S C   0.992  0.007  0.000
 438 S C   0.993  0.006  0.001
 439 S C   0.995  0.005  0.000
 440 G C   0.991  0.009  0.000
 441 P C   0.980  0.020  0.000
 442 N C   0.966  0.031  0.004
 443 K C   0.931  0.048  0.021
 444 L C   0.910  0.047  0.043
 445 K C   0.894  0.025  0.081
 446 R C   0.905  0.015  0.080
 447 T C   0.943  0.008  0.049
 448 N C   0.969  0.004  0.027
 449 T C   0.988  0.003  0.008
 450 G C   0.988  0.007  0.005
 451 G C   0.982  0.012  0.006
 452 S C   0.960  0.030  0.011
 453 I C   0.929  0.049  0.022
 454 G C   0.920  0.047  0.033
 455 R C   0.907  0.041  0.052
 456 V C   0.889  0.046  0.065
 457 R C   0.916  0.041  0.043
 458 S C   0.959  0.028  0.013
 459 D C   0.966  0.030  0.004
 460 S C   0.951  0.047  0.002
 461 A C   0.919  0.080  0.002
 462 S C   0.926  0.073  0.002
 463 Q C   0.935  0.064  0.001
 464 N C   0.956  0.044  0.001
 465 S C   0.848  0.151  0.001
 466 D C   0.642  0.357  0.001
 467 Y H   0.389  0.608  0.004
 468 V H   0.369  0.623  0.008
 469 Q H   0.363  0.630  0.007
 470 R H   0.369  0.627  0.005
 471 K H   0.284  0.714  0.002
 472 K H   0.230  0.768  0.002
 473 E H   0.207  0.790  0.003
 474 V H   0.186  0.811  0.003
 475 H H   0.180  0.819  0.001
 476 K H   0.188  0.811  0.001
 477 Y H   0.141  0.859  0.001
 478 A H   0.125  0.875  0.000
 479 E H   0.077  0.923  0.000
 480 Q H   0.027  0.973  0.000
 481 E H   0.026  0.973  0.000
 482 R H   0.033  0.967  0.000
 483 R H   0.044  0.956  0.000
 484 N H   0.066  0.934  0.000
 485 R H   0.058  0.942  0.000
 486 L H   0.051  0.949  0.000
 487 N H   0.059  0.940  0.000
 488 N H   0.051  0.949  0.000
 489 A H   0.051  0.949  0.000
 490 L H   0.071  0.929  0.000
 491 S H   0.106  0.893  0.000
 492 D H   0.130  0.870  0.000
 493 L H   0.074  0.926  0.000
 494 N H   0.101  0.899  0.000
 495 S H   0.211  0.789  0.000
 496 L H   0.476  0.524  0.000
 497 L C   0.990  0.010  0.000
 498 P C   0.945  0.055  0.000
 499 Q C   0.575  0.425  0.000
 500 D C   0.534  0.465  0.000
 501 W H   0.229  0.770  0.001
 502 K H   0.266  0.729  0.005
 503 D H   0.321  0.674  0.005
 504 A C   0.537  0.451  0.012
 505 V C   0.724  0.205  0.071
 506 T C   0.741  0.177  0.081
 507 V C   0.788  0.163  0.049
 508 P C   0.750  0.228  0.022
 509 S C   0.618  0.379  0.003
 510 K H   0.446  0.545  0.010
 511 A C   0.522  0.456  0.022
 512 I C   0.607  0.358  0.036
 513 T C   0.611  0.378  0.012
 514 A H   0.016  0.983  0.001
 515 E H   0.008  0.992  0.001
 516 L H   0.008  0.991  0.001
 517 A H   0.010  0.989  0.000
 518 C H   0.013  0.987  0.000
 519 K H   0.005  0.995  0.000
 520 Y H   0.007  0.993  0.000
 521 I H   0.007  0.993  0.000
 522 R H   0.006  0.994  0.000
 523 T H   0.009  0.991  0.000
 524 L H   0.018  0.982  0.000
 525 L H   0.009  0.991  0.000
 526 E H   0.012  0.988  0.000
 527 E H   0.035  0.965  0.000
 528 L H   0.095  0.905  0.000
 529 E H   0.112  0.888  0.000
 530 Q H   0.151  0.849  0.000
 531 Y H   0.181  0.819  0.000
 532 K H   0.349  0.651  0.000
 533 K H   0.409  0.590  0.001
 534 * H   0.325  0.671  0.003
