# PSIPRED VFORMAT (S4PRED V1.2.4)

   1 M C   1.000  0.000  0.000
   2 P C   1.000  0.000  0.000
   3 L C   0.998  0.001  0.000
   4 T C   0.997  0.002  0.001
   5 N C   0.993  0.006  0.001
   6 G C   0.993  0.007  0.000
   7 G C   0.988  0.012  0.000
   8 M C   0.940  0.058  0.001
   9 E C   0.939  0.058  0.003
  10 D C   0.931  0.067  0.002
  11 M C   0.951  0.048  0.002
  12 Y C   0.976  0.023  0.002
  13 G C   0.997  0.002  0.001
  14 S C   0.996  0.003  0.001
  15 P C   0.971  0.027  0.002
  16 M C   0.967  0.031  0.002
  17 Q C   0.934  0.057  0.009
  18 S C   0.911  0.076  0.013
  19 T C   0.900  0.079  0.021
  20 I C   0.746  0.206  0.048
  21 F C   0.709  0.241  0.049
  22 D C   0.703  0.258  0.038
  23 Q C   0.783  0.200  0.016
  24 V C   0.783  0.203  0.014
  25 D C   0.771  0.225  0.004
  26 N C   0.738  0.256  0.006
  27 Y C   0.714  0.245  0.041
  28 L C   0.673  0.253  0.074
  29 H C   0.695  0.223  0.081
  30 M C   0.760  0.175  0.065
  31 V C   0.893  0.081  0.026
  32 G C   0.978  0.013  0.008
  33 D C   0.983  0.015  0.002
  34 E C   0.936  0.063  0.001
  35 D C   0.927  0.071  0.001
  36 E C   0.889  0.108  0.002
  37 K C   0.893  0.103  0.005
  38 K C   0.928  0.066  0.006
  39 S C   0.963  0.032  0.005
  40 G C   0.981  0.014  0.005
  41 T C   0.979  0.012  0.009
  42 D C   0.971  0.017  0.012
  43 M C   0.964  0.020  0.016
  44 D C   0.951  0.024  0.025
  45 F C   0.880  0.083  0.037
  46 D C   0.855  0.102  0.043
  47 I C   0.860  0.112  0.029
  48 Q C   0.871  0.105  0.025
  49 K C   0.894  0.087  0.020
  50 E C   0.929  0.051  0.020
  51 T C   0.923  0.031  0.045
  52 I C   0.945  0.003  0.052
  53 P C   0.964  0.005  0.032
  54 F C   0.960  0.011  0.028
  55 D C   0.964  0.013  0.023
  56 M C   0.661  0.326  0.013
  57 E C   0.650  0.340  0.010
  58 D C   0.658  0.332  0.011
  59 L C   0.798  0.190  0.012
  60 Q C   0.870  0.099  0.031
  61 L C   0.793  0.161  0.046
  62 E C   0.753  0.189  0.058
  63 S C   0.781  0.162  0.058
  64 L C   0.834  0.131  0.035
  65 A C   0.896  0.072  0.032
  66 H C   0.923  0.053  0.024
  67 D C   0.938  0.052  0.011
  68 D C   0.944  0.052  0.004
  69 F C   0.927  0.065  0.008
  70 A C   0.930  0.061  0.009
  71 G C   0.914  0.075  0.011
  72 T C   0.918  0.069  0.014
  73 M C   0.910  0.069  0.020
  74 N C   0.917  0.066  0.017
  75 H C   0.936  0.049  0.016
  76 H C   0.954  0.033  0.013
  77 G C   0.933  0.028  0.039
  78 L C   0.877  0.032  0.092
  79 H C   0.878  0.028  0.094
  80 L C   0.874  0.033  0.094
  81 D C   0.859  0.033  0.108
  82 I C   0.855  0.039  0.106
  83 Q C   0.905  0.032  0.063
  84 A C   0.948  0.025  0.027
  85 D C   0.976  0.016  0.008
  86 E C   0.964  0.028  0.008
  87 S C   0.956  0.031  0.013
  88 V C   0.951  0.027  0.022
  89 S C   0.971  0.012  0.017
  90 T C   0.991  0.002  0.007
  91 E C   0.997  0.000  0.003
  92 P C   0.991  0.007  0.002
  93 K C   0.990  0.009  0.001
  94 D C   0.991  0.008  0.001
  95 T C   0.983  0.016  0.000
  96 P C   0.905  0.094  0.001
  97 S C   0.906  0.088  0.006
  98 L C   0.826  0.152  0.022
  99 M C   0.829  0.137  0.035
 100 A C   0.860  0.109  0.032
 101 R C   0.890  0.088  0.022
 102 N C   0.911  0.074  0.016
 103 S C   0.888  0.056  0.056
 104 I C   0.761  0.072  0.168
 105 Q C   0.773  0.066  0.162
 106 L C   0.849  0.052  0.099
 107 T C   0.915  0.037  0.049
 108 N C   0.940  0.035  0.025
 109 E C   0.954  0.041  0.005
 110 G C   0.957  0.039  0.005
 111 T C   0.947  0.044  0.009
 112 T C   0.940  0.044  0.016
 113 S C   0.930  0.047  0.023
 114 A C   0.923  0.047  0.031
 115 L C   0.923  0.033  0.044
 116 T C   0.947  0.017  0.036
 117 T C   0.968  0.016  0.016
 118 P C   0.942  0.051  0.007
 119 F C   0.917  0.060  0.023
 120 L C   0.917  0.059  0.024
 121 S C   0.958  0.022  0.019
 122 G C   0.967  0.013  0.020
 123 K C   0.964  0.012  0.024
 124 M C   0.963  0.017  0.021
 125 D C   0.973  0.022  0.005
 126 D C   0.978  0.019  0.003
 127 N C   0.993  0.006  0.001
 128 G C   0.995  0.002  0.002
 129 I C   0.994  0.000  0.006
 130 E C   0.996  0.000  0.004
 131 P C   0.994  0.005  0.000
 132 P C   0.987  0.012  0.000
 133 H C   0.969  0.019  0.011
 134 Y C   0.957  0.028  0.015
 135 N C   0.953  0.027  0.020
 136 R C   0.948  0.036  0.016
 137 T C   0.953  0.031  0.016
 138 Q C   0.943  0.035  0.023
 139 S C   0.944  0.033  0.023
 140 L C   0.970  0.018  0.011
 141 G C   0.979  0.015  0.006
 142 K C   0.983  0.010  0.007
 143 S C   0.982  0.007  0.010
 144 G C   0.972  0.010  0.018
 145 S C   0.962  0.010  0.029
 146 V C   0.949  0.008  0.043
 147 F C   0.953  0.006  0.041
 148 S C   0.977  0.007  0.016
 149 P C   0.975  0.011  0.014
 150 L C   0.988  0.008  0.004
 151 S C   0.991  0.007  0.002
 152 S C   0.982  0.017  0.001
 153 P C   0.868  0.131  0.001
 154 A C   0.876  0.115  0.008
 155 L C   0.877  0.112  0.011
 156 M C   0.919  0.072  0.009
 157 S C   0.964  0.032  0.003
 158 N C   0.926  0.074  0.001
 159 Q C   0.880  0.120  0.001
 160 Q C   0.871  0.128  0.002
 161 A C   0.866  0.131  0.002
 162 Q C   0.875  0.121  0.004
 163 Q C   0.891  0.104  0.004
 164 S C   0.929  0.066  0.004
 165 W C   0.983  0.012  0.005
 166 K C   0.993  0.004  0.003
 167 P C   0.976  0.022  0.002
 168 S C   0.975  0.024  0.001
 169 S C   0.965  0.033  0.002
 170 R C   0.958  0.037  0.005
 171 R C   0.961  0.030  0.009
 172 A C   0.972  0.020  0.008
 173 S C   0.980  0.015  0.005
 174 N C   0.986  0.010  0.004
 175 S C   0.988  0.009  0.003
 176 S C   0.985  0.011  0.005
 177 S C   0.970  0.024  0.007
 178 R C   0.960  0.030  0.010
 179 S C   0.944  0.027  0.029
 180 K C   0.898  0.026  0.076
 181 R C   0.826  0.033  0.141
 182 I C   0.745  0.040  0.215
 183 M C   0.752  0.027  0.221
 184 V C   0.837  0.018  0.145
 185 N C   0.953  0.008  0.040
 186 G C   0.987  0.003  0.010
 187 S C   0.985  0.004  0.011
 188 S C   0.973  0.010  0.016
 189 S C   0.967  0.014  0.018
 190 V C   0.963  0.014  0.023
 191 S C   0.967  0.014  0.019
 192 S C   0.964  0.025  0.010
 193 S C   0.966  0.028  0.006
 194 S C   0.970  0.024  0.006
 195 N C   0.973  0.020  0.007
 196 K C   0.936  0.029  0.035
 197 I C   0.875  0.039  0.086
 198 V C   0.853  0.040  0.107
 199 K C   0.898  0.030  0.072
 200 S C   0.962  0.009  0.029
 201 S C   0.986  0.005  0.009
 202 P C   0.968  0.028  0.003
 203 Y C   0.963  0.028  0.008
 204 M C   0.949  0.034  0.017
 205 N C   0.950  0.035  0.015
 206 A C   0.893  0.097  0.010
 207 S C   0.887  0.107  0.006
 208 S C   0.868  0.124  0.008
 209 R C   0.828  0.154  0.018
 210 R C   0.829  0.141  0.030
 211 L C   0.845  0.113  0.043
 212 Q C   0.806  0.131  0.063
 213 K C   0.805  0.133  0.063
 214 T C   0.834  0.107  0.059
 215 M C   0.889  0.082  0.029
 216 S C   0.940  0.050  0.009
 217 N C   0.984  0.015  0.001
 218 G C   0.993  0.007  0.000
 219 N C   0.991  0.007  0.002
 220 S C   0.956  0.015  0.029
 221 V C   0.935  0.018  0.047
 222 K C   0.941  0.021  0.038
 223 R C   0.879  0.103  0.018
 224 D C   0.894  0.102  0.005
 225 D C   0.893  0.104  0.003
 226 W C   0.726  0.268  0.006
 227 D C   0.647  0.336  0.016
 228 E C   0.605  0.343  0.051
 229 F C   0.615  0.312  0.074
 230 M C   0.646  0.256  0.097
 231 F C   0.702  0.200  0.098
 232 S C   0.859  0.062  0.079
 233 L C   0.986  0.004  0.010
 234 P C   0.979  0.014  0.007
 235 E C   0.792  0.206  0.001
 236 S C   0.800  0.198  0.001
 237 S C   0.801  0.198  0.001
 238 L C   0.942  0.058  0.001
 239 G C   0.994  0.006  0.000
 240 N C   0.996  0.003  0.001
 241 D C   0.985  0.015  0.001
 242 K C   0.972  0.027  0.001
 243 D C   0.973  0.027  0.000
 244 A C   0.974  0.026  0.000
 245 D C   0.976  0.023  0.000
 246 N C   0.932  0.067  0.000
 247 E C   0.848  0.151  0.001
 248 T C   0.823  0.173  0.004
 249 E C   0.841  0.150  0.009
 250 K C   0.846  0.143  0.011
 251 K C   0.864  0.125  0.011
 252 H C   0.887  0.105  0.008
 253 S C   0.882  0.114  0.004
 254 E C   0.792  0.204  0.004
 255 D C   0.754  0.241  0.005
 256 T C   0.692  0.275  0.033
 257 Y C   0.649  0.267  0.084
 258 K C   0.659  0.233  0.108
 259 L C   0.670  0.233  0.097
 260 L C   0.745  0.175  0.080
 261 D C   0.740  0.180  0.080
 262 V C   0.797  0.177  0.025
 263 T C   0.835  0.147  0.018
 264 Q C   0.837  0.147  0.016
 265 N C   0.907  0.087  0.006
 266 N C   0.945  0.043  0.012
 267 V C   0.953  0.011  0.036
 268 F C   0.965  0.005  0.030
 269 P C   0.970  0.015  0.014
 270 Q C   0.846  0.025  0.129
 271 V C   0.741  0.029  0.230
 272 I C   0.745  0.018  0.238
 273 L C   0.902  0.003  0.095
 274 P C   0.952  0.008  0.040
 275 S C   0.960  0.034  0.005
 276 N C   0.957  0.039  0.004
 277 S C   0.929  0.057  0.014
 278 L C   0.942  0.032  0.026
 279 D C   0.956  0.023  0.021
 280 T C   0.972  0.019  0.010
 281 K C   0.976  0.020  0.003
 282 G C   0.978  0.020  0.002
 283 D C   0.965  0.033  0.003
 284 G C   0.929  0.060  0.011
 285 F C   0.825  0.150  0.025
 286 V C   0.791  0.177  0.032
 287 N C   0.778  0.196  0.026
 288 Q C   0.701  0.276  0.023
 289 Y C   0.708  0.266  0.026
 290 E C   0.678  0.297  0.025
 291 K C   0.702  0.274  0.024
 292 Q C   0.740  0.244  0.015
 293 F C   0.794  0.198  0.008
 294 G C   0.973  0.022  0.005
 295 D C   0.985  0.012  0.003
 296 H C   0.987  0.004  0.010
 297 S C   0.989  0.002  0.009
 298 I C   0.989  0.005  0.006
 299 P C   0.986  0.009  0.005
 300 Q C   0.944  0.052  0.004
 301 Q C   0.943  0.053  0.004
 302 D C   0.946  0.050  0.004
 303 S C   0.979  0.018  0.003
 304 K C   0.994  0.002  0.003
 305 H C   0.997  0.000  0.002
 306 P C   0.994  0.005  0.001
 307 S C   0.988  0.009  0.003
 308 S C   0.982  0.013  0.005
 309 R C   0.985  0.008  0.006
 310 S C   0.990  0.003  0.007
 311 G C   0.986  0.002  0.012
 312 T C   0.981  0.001  0.017
 313 S C   0.981  0.003  0.015
 314 T C   0.980  0.007  0.013
 315 E C   0.980  0.006  0.014
 316 N C   0.982  0.006  0.012
 317 T C   0.976  0.005  0.019
 318 S C   0.974  0.002  0.024
 319 V C   0.978  0.000  0.021
 320 S C   0.994  0.000  0.006
 321 P C   0.957  0.039  0.004
 322 S C   0.944  0.042  0.014
 323 Y C   0.911  0.059  0.029
 324 R C   0.925  0.041  0.034
 325 S C   0.952  0.036  0.012
 326 D C   0.967  0.028  0.005
 327 N C   0.965  0.022  0.013
 328 I C   0.859  0.025  0.116
 329 L C   0.814  0.025  0.161
 330 M C   0.815  0.029  0.156
 331 A C   0.860  0.021  0.118
 332 T C   0.890  0.008  0.101
 333 E C   0.949  0.002  0.049
 334 S C   0.984  0.000  0.016
 335 P C   0.984  0.002  0.014
 336 V C   0.879  0.001  0.120
 337 I C   0.867  0.002  0.132
 338 R C   0.950  0.000  0.050
 339 P C   0.985  0.001  0.014
 340 S C   0.997  0.001  0.002
 341 G C   0.996  0.002  0.002
 342 S C   0.989  0.009  0.002
 343 S C   0.966  0.027  0.007
 344 T C   0.935  0.050  0.015
 345 T C   0.926  0.051  0.023
 346 L C   0.929  0.043  0.028
 347 K C   0.940  0.033  0.027
 348 H C   0.944  0.024  0.032
 349 S C   0.948  0.016  0.036
 350 R C   0.952  0.012  0.036
 351 H C   0.962  0.012  0.026
 352 S C   0.968  0.015  0.017
 353 S C   0.961  0.024  0.015
 354 S C   0.956  0.024  0.020
 355 T C   0.929  0.031  0.040
 356 K C   0.874  0.047  0.079
 357 L C   0.861  0.049  0.090
 358 F C   0.880  0.028  0.091
 359 K C   0.945  0.006  0.049
 360 S C   0.990  0.001  0.009
 361 P C   0.962  0.032  0.007
 362 I C   0.909  0.048  0.042
 363 E C   0.912  0.050  0.038
 364 L C   0.943  0.041  0.016
 365 N C   0.977  0.015  0.008
 366 S C   0.989  0.007  0.003
 367 T C   0.993  0.005  0.002
 368 E C   0.992  0.007  0.002
 369 N C   0.992  0.008  0.001
 370 D C   0.992  0.007  0.001
 371 K C   0.998  0.001  0.001
 372 S C   0.999  0.000  0.001
 373 P C   0.999  0.000  0.000
 374 V C   0.999  0.000  0.001
 375 L C   0.999  0.000  0.001
 376 P C   1.000  0.000  0.000
 377 P C   0.999  0.001  0.000
 378 P C   0.988  0.012  0.000
 379 S C   0.979  0.019  0.001
 380 V C   0.916  0.080  0.004
 381 E C   0.924  0.070  0.006
 382 Q C   0.954  0.040  0.006
 383 Q C   0.997  0.001  0.002
 384 P C   0.996  0.003  0.001
 385 K C   0.992  0.007  0.001
 386 S C   0.990  0.009  0.001
 387 S C   0.991  0.008  0.001
 388 N C   0.985  0.013  0.002
 389 K C   0.979  0.017  0.003
 390 T C   0.966  0.020  0.013
 391 R C   0.945  0.028  0.027
 392 R C   0.947  0.029  0.024
 393 S C   0.952  0.028  0.020
 394 G C   0.939  0.042  0.019
 395 S C   0.927  0.060  0.012
 396 M C   0.924  0.067  0.009
 397 T C   0.903  0.084  0.013
 398 K C   0.866  0.118  0.016
 399 A C   0.838  0.151  0.011
 400 R C   0.835  0.156  0.009
 401 S C   0.856  0.140  0.004
 402 N C   0.930  0.068  0.002
 403 S C   0.957  0.042  0.001
 404 L C   0.953  0.046  0.001
 405 S C   0.943  0.056  0.000
 406 Q H   0.365  0.635  0.000
 407 E H   0.335  0.665  0.000
 408 E H   0.302  0.698  0.000
 409 S H   0.287  0.713  0.000
 410 I H   0.207  0.793  0.001
 411 Q H   0.200  0.800  0.001
 412 R H   0.223  0.777  0.000
 413 K H   0.220  0.779  0.000
 414 K H   0.173  0.826  0.001
 415 E H   0.172  0.826  0.001
 416 V H   0.170  0.829  0.001
 417 H H   0.208  0.791  0.000
 418 K H   0.225  0.775  0.000
 419 N H   0.212  0.788  0.000
 420 A H   0.088  0.911  0.000
 421 E H   0.065  0.935  0.000
 422 Q H   0.026  0.974  0.000
 423 E H   0.023  0.977  0.000
 424 R H   0.025  0.975  0.000
 425 R H   0.032  0.968  0.000
 426 N H   0.041  0.959  0.000
 427 R H   0.030  0.970  0.000
 428 L H   0.030  0.970  0.000
 429 N H   0.038  0.962  0.000
 430 N H   0.025  0.975  0.000
 431 A H   0.021  0.979  0.000
 432 L H   0.023  0.977  0.000
 433 S H   0.021  0.979  0.000
 434 E H   0.027  0.973  0.000
 435 L H   0.043  0.957  0.000
 436 N H   0.076  0.924  0.000
 437 S H   0.206  0.794  0.000
 438 L H   0.417  0.583  0.000
 439 L C   0.979  0.021  0.000
 440 P C   0.939  0.061  0.000
 441 K H   0.243  0.756  0.000
 442 E H   0.209  0.790  0.001
 443 W H   0.136  0.863  0.001
 444 K H   0.193  0.805  0.003
 445 D H   0.237  0.759  0.004
 446 A H   0.422  0.565  0.013
 447 V C   0.590  0.360  0.050
 448 A C   0.657  0.284  0.059
 449 I C   0.785  0.179  0.036
 450 P C   0.742  0.240  0.017
 451 S C   0.578  0.421  0.001
 452 K H   0.343  0.655  0.002
 453 A H   0.393  0.601  0.007
 454 I H   0.403  0.582  0.015
 455 T H   0.375  0.618  0.007
 456 A H   0.028  0.970  0.002
 457 Q H   0.017  0.982  0.001
 458 L H   0.019  0.979  0.002
 459 A H   0.024  0.975  0.001
 460 C H   0.023  0.977  0.000
 461 K H   0.011  0.989  0.000
 462 Y H   0.009  0.990  0.000
 463 I H   0.011  0.988  0.000
 464 R H   0.011  0.988  0.000
 465 K H   0.013  0.987  0.000
 466 L H   0.024  0.976  0.000
 467 E H   0.012  0.988  0.000
 468 A H   0.010  0.990  0.000
 469 E H   0.016  0.984  0.000
 470 L H   0.022  0.978  0.001
 471 E H   0.033  0.967  0.001
 472 Q H   0.050  0.949  0.000
 473 Y H   0.086  0.914  0.000
 474 R H   0.234  0.766  0.000
 475 K H   0.418  0.582  0.000
 476 * H   0.342  0.656  0.002
