# PSIPRED VFORMAT (S4PRED V1.2.4)

   1 M C   1.000  0.000  0.000
   2 E C   0.996  0.003  0.001
   3 D C   0.987  0.010  0.003
   4 I C   0.952  0.040  0.008
   5 G C   0.933  0.046  0.021
   6 M C   0.948  0.029  0.023
   7 Y C   0.972  0.011  0.017
   8 G C   0.993  0.002  0.005
   9 S C   0.988  0.009  0.003
  10 P C   0.953  0.044  0.003
  11 L C   0.944  0.049  0.007
  12 Q C   0.905  0.069  0.026
  13 T C   0.883  0.082  0.035
  14 T C   0.869  0.082  0.049
  15 I C   0.691  0.229  0.080
  16 F C   0.641  0.297  0.062
  17 D C   0.652  0.315  0.033
  18 Q C   0.703  0.285  0.012
  19 V C   0.697  0.295  0.009
  20 D C   0.637  0.358  0.005
  21 S C   0.603  0.383  0.014
  22 Y C   0.604  0.356  0.041
  23 L C   0.636  0.294  0.070
  24 H C   0.740  0.193  0.068
  25 M C   0.798  0.138  0.064
  26 V C   0.885  0.077  0.038
  27 D C   0.939  0.047  0.015
  28 E C   0.884  0.114  0.002
  29 D C   0.879  0.120  0.001
  30 E C   0.818  0.180  0.002
  31 K C   0.833  0.163  0.003
  32 K C   0.887  0.107  0.006
  33 S C   0.938  0.056  0.006
  34 G C   0.979  0.014  0.007
  35 T C   0.976  0.013  0.012
  36 D C   0.969  0.018  0.013
  37 M C   0.959  0.022  0.018
  38 D C   0.945  0.030  0.025
  39 F C   0.867  0.094  0.039
  40 D C   0.840  0.115  0.045
  41 I C   0.837  0.130  0.033
  42 Q C   0.861  0.114  0.025
  43 K C   0.881  0.099  0.021
  44 E C   0.921  0.060  0.019
  45 T C   0.939  0.034  0.027
  46 V C   0.973  0.004  0.023
  47 P C   0.984  0.007  0.010
  48 S C   0.947  0.048  0.004
  49 S C   0.927  0.063  0.010
  50 H C   0.877  0.091  0.032
  51 F C   0.839  0.068  0.093
  52 E C   0.817  0.057  0.126
  53 L C   0.758  0.149  0.093
  54 E C   0.778  0.165  0.058
  55 D C   0.798  0.170  0.032
  56 L C   0.860  0.116  0.024
  57 Q C   0.861  0.076  0.063
  58 F C   0.849  0.086  0.065
  59 E C   0.851  0.093  0.056
  60 S C   0.870  0.085  0.045
  61 L C   0.899  0.080  0.021
  62 E C   0.915  0.068  0.017
  63 H C   0.940  0.046  0.015
  64 H C   0.936  0.054  0.010
  65 D C   0.929  0.066  0.005
  66 S C   0.916  0.072  0.012
  67 F C   0.873  0.102  0.025
  68 V C   0.851  0.121  0.028
  69 G C   0.840  0.136  0.025
  70 A C   0.851  0.119  0.030
  71 V C   0.848  0.113  0.039
  72 H C   0.856  0.101  0.043
  73 H C   0.846  0.103  0.051
  74 S C   0.841  0.103  0.056
  75 L C   0.824  0.095  0.081
  76 H C   0.864  0.053  0.083
  77 L C   0.913  0.030  0.056
  78 D C   0.929  0.024  0.047
  79 I C   0.947  0.029  0.024
  80 N C   0.966  0.026  0.008
  81 E C   0.972  0.023  0.004
  82 D C   0.975  0.020  0.005
  83 V C   0.970  0.017  0.013
  84 N C   0.970  0.011  0.019
  85 V C   0.981  0.005  0.015
  86 S C   0.992  0.003  0.005
  87 P C   0.913  0.084  0.003
  88 H C   0.931  0.068  0.001
  89 E C   0.884  0.115  0.002
  90 S C   0.862  0.136  0.002
  91 A C   0.902  0.095  0.002
  92 R C   0.956  0.042  0.002
  93 K C   0.976  0.022  0.001
  94 D C   0.986  0.014  0.001
  95 T C   0.979  0.021  0.000
  96 P C   0.879  0.121  0.001
  97 S C   0.870  0.125  0.005
  98 L C   0.746  0.235  0.019
  99 L C   0.743  0.231  0.026
 100 A C   0.786  0.192  0.022
 101 K C   0.824  0.163  0.013
 102 N C   0.874  0.121  0.006
 103 E C   0.773  0.209  0.018
 104 A C   0.739  0.229  0.032
 105 Q C   0.764  0.192  0.044
 106 L C   0.841  0.126  0.033
 107 T C   0.904  0.080  0.015
 108 Q C   0.930  0.058  0.012
 109 E C   0.954  0.040  0.006
 110 G C   0.963  0.033  0.004
 111 S C   0.967  0.030  0.004
 112 T C   0.951  0.042  0.007
 113 S C   0.937  0.052  0.011
 114 A C   0.924  0.059  0.017
 115 L C   0.932  0.046  0.023
 116 T C   0.959  0.023  0.017
 117 T C   0.968  0.022  0.010
 118 P C   0.940  0.054  0.006
 119 F C   0.911  0.058  0.030
 120 L C   0.899  0.061  0.040
 121 S C   0.942  0.024  0.035
 122 G C   0.954  0.010  0.036
 123 K C   0.941  0.008  0.052
 124 I C   0.949  0.009  0.042
 125 D C   0.981  0.010  0.008
 126 D C   0.976  0.020  0.004
 127 T C   0.977  0.022  0.001
 128 G C   0.977  0.022  0.001
 129 S C   0.949  0.049  0.002
 130 E C   0.804  0.186  0.010
 131 Q C   0.771  0.214  0.016
 132 L C   0.778  0.206  0.016
 133 Q C   0.825  0.157  0.019
 134 N C   0.840  0.134  0.026
 135 T C   0.844  0.103  0.053
 136 Y C   0.805  0.112  0.083
 137 Y C   0.882  0.054  0.064
 138 G C   0.921  0.036  0.042
 139 R C   0.937  0.032  0.031
 140 S C   0.940  0.038  0.022
 141 Q C   0.937  0.043  0.020
 142 N C   0.937  0.044  0.019
 143 L C   0.929  0.059  0.012
 144 G C   0.928  0.055  0.018
 145 K C   0.918  0.055  0.027
 146 V C   0.899  0.062  0.040
 147 A C   0.922  0.048  0.030
 148 S C   0.956  0.023  0.021
 149 G C   0.965  0.014  0.021
 150 K C   0.961  0.011  0.028
 151 L C   0.967  0.005  0.028
 152 S C   0.975  0.004  0.021
 153 P C   0.976  0.007  0.017
 154 L C   0.990  0.005  0.004
 155 S C   0.993  0.003  0.003
 156 S C   0.988  0.010  0.002
 157 P C   0.926  0.073  0.002
 158 A C   0.915  0.071  0.014
 159 L C   0.912  0.067  0.021
 160 V C   0.929  0.051  0.020
 161 S C   0.958  0.030  0.012
 162 S C   0.954  0.040  0.007
 163 Q C   0.961  0.035  0.004
 164 Q C   0.971  0.026  0.003
 165 Q C   0.983  0.014  0.003
 166 Q C   0.991  0.007  0.002
 167 P C   0.977  0.021  0.002
 168 W C   0.950  0.044  0.006
 169 K C   0.907  0.067  0.026
 170 S C   0.896  0.072  0.032
 171 V C   0.901  0.066  0.033
 172 S C   0.917  0.057  0.026
 173 R C   0.930  0.051  0.019
 174 R C   0.927  0.057  0.016
 175 A C   0.943  0.046  0.011
 176 S C   0.958  0.036  0.006
 177 N C   0.978  0.018  0.004
 178 S C   0.983  0.014  0.003
 179 S C   0.976  0.019  0.005
 180 S C   0.954  0.038  0.008
 181 R C   0.947  0.041  0.012
 182 S C   0.933  0.034  0.033
 183 K C   0.882  0.033  0.085
 184 R C   0.829  0.041  0.130
 185 I C   0.811  0.041  0.148
 186 M C   0.830  0.036  0.134
 187 T C   0.921  0.023  0.056
 188 N C   0.982  0.007  0.010
 189 G C   0.995  0.002  0.003
 190 N C   0.994  0.002  0.005
 191 T C   0.987  0.003  0.009
 192 S C   0.987  0.004  0.010
 193 S C   0.982  0.009  0.009
 194 S C   0.975  0.018  0.007
 195 S C   0.967  0.025  0.008
 196 S C   0.970  0.021  0.010
 197 N C   0.975  0.014  0.011
 198 K C   0.943  0.019  0.038
 199 V C   0.883  0.026  0.091
 200 V C   0.871  0.026  0.103
 201 K C   0.904  0.022  0.074
 202 S C   0.963  0.007  0.030
 203 S C   0.985  0.005  0.010
 204 P C   0.969  0.027  0.004
 205 Y C   0.965  0.025  0.010
 206 M C   0.950  0.030  0.020
 207 N C   0.952  0.031  0.017
 208 A C   0.902  0.087  0.011
 209 S C   0.896  0.096  0.008
 210 S C   0.879  0.111  0.010
 211 R C   0.832  0.148  0.019
 212 R C   0.831  0.138  0.031
 213 L C   0.849  0.114  0.037
 214 Q C   0.826  0.129  0.045
 215 K C   0.826  0.132  0.042
 216 T C   0.851  0.105  0.044
 217 M C   0.871  0.091  0.039
 218 S C   0.928  0.051  0.021
 219 N C   0.986  0.012  0.002
 220 G C   0.996  0.004  0.000
 221 N C   0.997  0.003  0.000
 222 G C   0.991  0.007  0.001
 223 T C   0.985  0.008  0.007
 224 K C   0.968  0.016  0.016
 225 R C   0.930  0.059  0.012
 226 D C   0.923  0.071  0.006
 227 D C   0.911  0.085  0.004
 228 W C   0.741  0.254  0.005
 229 D C   0.683  0.309  0.008
 230 D C   0.693  0.291  0.015
 231 F C   0.701  0.247  0.052
 232 M C   0.686  0.213  0.101
 233 F C   0.716  0.173  0.111
 234 S C   0.838  0.068  0.094
 235 L C   0.985  0.003  0.012
 236 P C   0.978  0.014  0.008
 237 E C   0.787  0.212  0.001
 238 S C   0.798  0.200  0.001
 239 S C   0.787  0.211  0.002
 240 L C   0.943  0.055  0.001
 241 G C   0.995  0.004  0.001
 242 N C   0.997  0.002  0.001
 243 D C   0.993  0.006  0.001
 244 K C   0.982  0.018  0.000
 245 D C   0.975  0.024  0.000
 246 S C   0.964  0.035  0.000
 247 D C   0.945  0.054  0.001
 248 K C   0.896  0.100  0.003
 249 T C   0.882  0.107  0.012
 250 L C   0.874  0.103  0.023
 251 E C   0.891  0.082  0.026
 252 K C   0.886  0.082  0.031
 253 K C   0.903  0.073  0.025
 254 T C   0.950  0.040  0.010
 255 S C   0.946  0.052  0.002
 256 D C   0.929  0.070  0.000
 257 D C   0.894  0.105  0.001
 258 S C   0.827  0.164  0.009
 259 F C   0.744  0.192  0.064
 260 K C   0.713  0.198  0.088
 261 L C   0.679  0.239  0.082
 262 L C   0.756  0.177  0.067
 263 D C   0.771  0.174  0.055
 264 M C   0.865  0.125  0.011
 265 T C   0.896  0.098  0.006
 266 Q C   0.919  0.076  0.005
 267 N C   0.959  0.039  0.002
 268 N C   0.984  0.012  0.004
 269 T C   0.985  0.005  0.010
 270 F C   0.986  0.003  0.011
 271 P C   0.987  0.007  0.006
 272 Q C   0.878  0.015  0.107
 273 V C   0.789  0.020  0.191
 274 I C   0.789  0.017  0.193
 275 L C   0.929  0.003  0.069
 276 P C   0.961  0.007  0.031
 277 S C   0.951  0.046  0.003
 278 N C   0.944  0.054  0.002
 279 S C   0.901  0.095  0.004
 280 L C   0.929  0.065  0.005
 281 D C   0.949  0.048  0.003
 282 K C   0.935  0.063  0.002
 283 G C   0.942  0.057  0.001
 284 T C   0.868  0.130  0.002
 285 E C   0.734  0.262  0.004
 286 D C   0.718  0.277  0.004
 287 F C   0.589  0.405  0.007
 288 V C   0.584  0.407  0.009
 289 N C   0.621  0.372  0.008
 290 R C   0.639  0.355  0.006
 291 F C   0.745  0.245  0.010
 292 E C   0.686  0.300  0.014
 293 K C   0.734  0.252  0.014
 294 S C   0.823  0.170  0.007
 295 F C   0.995  0.002  0.003
 296 P C   0.998  0.000  0.001
 297 D C   0.999  0.001  0.000
 298 P C   0.963  0.037  0.000
 299 S C   0.948  0.051  0.001
 300 H C   0.905  0.092  0.003
 301 D C   0.901  0.094  0.005
 302 L C   0.907  0.087  0.006
 303 K C   0.946  0.044  0.010
 304 H C   0.960  0.029  0.011
 305 S C   0.968  0.017  0.014
 306 K C   0.963  0.017  0.020
 307 S C   0.976  0.013  0.012
 308 R C   0.981  0.007  0.012
 309 S C   0.989  0.003  0.008
 310 G C   0.988  0.002  0.010
 311 T C   0.984  0.002  0.014
 312 S C   0.983  0.003  0.013
 313 T C   0.979  0.009  0.012
 314 E C   0.978  0.009  0.013
 315 N C   0.980  0.009  0.012
 316 T C   0.973  0.007  0.020
 317 S C   0.971  0.004  0.025
 318 V C   0.976  0.001  0.024
 319 S C   0.992  0.000  0.008
 320 P C   0.946  0.049  0.006
 321 S C   0.932  0.050  0.018
 322 Y C   0.903  0.062  0.035
 323 R C   0.929  0.032  0.039
 324 S C   0.961  0.025  0.014
 325 D C   0.973  0.021  0.006
 326 N C   0.970  0.017  0.012
 327 V C   0.851  0.020  0.128
 328 I C   0.781  0.026  0.193
 329 M C   0.783  0.030  0.186
 330 A C   0.862  0.024  0.114
 331 T C   0.904  0.011  0.085
 332 E C   0.970  0.003  0.027
 333 S C   0.992  0.001  0.006
 334 P C   0.988  0.008  0.004
 335 V C   0.965  0.008  0.027
 336 I C   0.946  0.014  0.040
 337 Q C   0.945  0.027  0.028
 338 P C   0.949  0.038  0.013
 339 L C   0.951  0.044  0.004
 340 G C   0.960  0.031  0.009
 341 L C   0.955  0.034  0.011
 342 R C   0.960  0.028  0.012
 343 N C   0.968  0.025  0.008
 344 S C   0.963  0.034  0.004
 345 R C   0.922  0.074  0.004
 346 Q C   0.889  0.105  0.006
 347 S C   0.869  0.124  0.007
 348 S C   0.858  0.133  0.009
 349 T C   0.815  0.169  0.016
 350 K C   0.721  0.251  0.028
 351 L C   0.694  0.274  0.032
 352 F C   0.733  0.240  0.028
 353 K C   0.711  0.272  0.017
 354 S C   0.757  0.233  0.010
 355 A C   0.750  0.243  0.007
 356 F C   0.752  0.242  0.006
 357 D C   0.806  0.191  0.004
 358 Q C   0.853  0.146  0.001
 359 H C   0.923  0.077  0.001
 360 T C   0.935  0.064  0.000
 361 N C   0.909  0.091  0.000
 362 E C   0.753  0.246  0.001
 363 Q C   0.757  0.241  0.002
 364 D C   0.760  0.238  0.002
 365 K C   0.715  0.282  0.003
 366 A C   0.711  0.283  0.007
 367 A C   0.710  0.280  0.010
 368 A C   0.742  0.243  0.015
 369 A C   0.785  0.197  0.018
 370 V C   0.861  0.119  0.020
 371 E C   0.927  0.060  0.014
 372 Q C   0.981  0.013  0.006
 373 P C   0.956  0.040  0.004
 374 I C   0.907  0.074  0.018
 375 L C   0.906  0.076  0.018
 376 S C   0.954  0.033  0.013
 377 N C   0.990  0.004  0.006
 378 K C   0.997  0.001  0.002
 379 P C   0.995  0.003  0.002
 380 K C   0.986  0.006  0.008
 381 R C   0.984  0.006  0.009
 382 S C   0.991  0.003  0.006
 383 G C   0.992  0.002  0.006
 384 S C   0.993  0.004  0.003
 385 S C   0.988  0.010  0.002
 386 T C   0.976  0.021  0.003
 387 N C   0.972  0.025  0.003
 388 T C   0.954  0.043  0.003
 389 R C   0.953  0.044  0.004
 390 S C   0.959  0.037  0.003
 391 N C   0.972  0.026  0.002
 392 S C   0.974  0.023  0.003
 393 L C   0.965  0.033  0.002
 394 S C   0.953  0.046  0.001
 395 Q H   0.465  0.534  0.001
 396 E H   0.444  0.555  0.001
 397 E H   0.408  0.591  0.001
 398 S H   0.399  0.600  0.001
 399 I H   0.303  0.695  0.001
 400 Q H   0.295  0.704  0.001
 401 R H   0.321  0.678  0.001
 402 K H   0.311  0.688  0.001
 403 K H   0.255  0.744  0.001
 404 E H   0.255  0.743  0.002
 405 V H   0.254  0.744  0.002
 406 H H   0.307  0.693  0.000
 407 K H   0.323  0.676  0.000
 408 N H   0.296  0.704  0.000
 409 A H   0.125  0.875  0.000
 410 E H   0.092  0.908  0.000
 411 Q H   0.039  0.961  0.000
 412 E H   0.033  0.967  0.000
 413 R H   0.036  0.963  0.000
 414 R H   0.044  0.956  0.000
 415 N H   0.055  0.945  0.000
 416 R H   0.039  0.961  0.000
 417 L H   0.039  0.961  0.000
 418 N H   0.049  0.951  0.000
 419 N H   0.031  0.969  0.000
 420 A H   0.025  0.975  0.000
 421 L H   0.028  0.972  0.000
 422 S H   0.025  0.975  0.000
 423 E H   0.031  0.969  0.000
 424 L H   0.051  0.949  0.000
 425 N H   0.089  0.911  0.000
 426 S H   0.229  0.771  0.000
 427 L H   0.439  0.561  0.000
 428 L C   0.981  0.019  0.000
 429 P C   0.945  0.055  0.000
 430 K H   0.282  0.718  0.000
 431 E H   0.241  0.759  0.001
 432 W H   0.159  0.839  0.001
 433 K H   0.214  0.783  0.003
 434 D H   0.255  0.741  0.004
 435 A H   0.439  0.549  0.012
 436 V C   0.613  0.337  0.050
 437 A C   0.724  0.217  0.059
 438 I C   0.897  0.075  0.028
 439 P C   0.872  0.115  0.012
 440 S C   0.851  0.148  0.001
 441 K C   0.575  0.424  0.001
 442 A C   0.645  0.354  0.001
 443 T C   0.549  0.450  0.001
 444 T H   0.281  0.717  0.001
 445 A H   0.071  0.927  0.001
 446 Q H   0.046  0.953  0.001
 447 L H   0.039  0.959  0.002
 448 A H   0.039  0.959  0.001
 449 C H   0.036  0.963  0.001
 450 K H   0.017  0.982  0.001
 451 Y H   0.015  0.984  0.001
 452 I H   0.022  0.977  0.001
 453 R H   0.023  0.977  0.000
 454 K H   0.029  0.970  0.000
 455 L H   0.038  0.962  0.000
 456 E H   0.011  0.989  0.000
 457 E H   0.011  0.988  0.000
 458 E H   0.016  0.984  0.000
 459 L H   0.039  0.961  0.000
 460 E H   0.068  0.932  0.000
 461 N H   0.098  0.902  0.000
 462 Y H   0.175  0.825  0.000
 463 R H   0.314  0.685  0.000
 464 K H   0.455  0.544  0.001
 465 * H   0.405  0.593  0.003
