# PSIPRED VFORMAT (S4PRED V1.2.4)

   1 M C   1.000  0.000  0.000
   2 K C   0.962  0.033  0.005
   3 L C   0.852  0.136  0.012
   4 L C   0.840  0.149  0.011
   5 S C   0.762  0.232  0.006
   6 S C   0.665  0.332  0.003
   7 I H   0.262  0.736  0.003
   8 E H   0.303  0.694  0.003
   9 Q H   0.313  0.681  0.005
  10 A H   0.295  0.702  0.003
  11 C H   0.396  0.603  0.001
  12 D H   0.210  0.789  0.001
  13 I H   0.139  0.859  0.001
  14 C H   0.223  0.775  0.002
  15 R H   0.298  0.699  0.003
  16 L H   0.361  0.634  0.005
  17 K C   0.633  0.361  0.006
  18 K C   0.790  0.202  0.008
  19 L C   0.908  0.084  0.008
  20 K C   0.873  0.091  0.035
  21 C C   0.912  0.054  0.034
  22 S C   0.924  0.058  0.018
  23 K C   0.943  0.042  0.015
  24 E C   0.956  0.032  0.013
  25 K C   0.973  0.019  0.008
  26 P C   0.926  0.063  0.011
  27 K C   0.882  0.094  0.024
  28 C C   0.756  0.204  0.039
  29 A H   0.353  0.624  0.023
  30 K H   0.255  0.721  0.025
  31 C H   0.247  0.731  0.021
  32 L H   0.315  0.677  0.008
  33 K H   0.384  0.610  0.006
  34 N C   0.722  0.269  0.009
  35 N C   0.847  0.121  0.033
  36 W C   0.700  0.125  0.175
  37 E C   0.467  0.132  0.401
  38 C C   0.512  0.117  0.371
  39 R C   0.601  0.085  0.314
  40 Y C   0.738  0.028  0.234
  41 S C   0.951  0.003  0.046
  42 P C   0.924  0.059  0.016
  43 K C   0.913  0.081  0.006
  44 T C   0.913  0.072  0.015
  45 K C   0.918  0.047  0.035
  46 R C   0.933  0.010  0.057
  47 S C   0.934  0.004  0.062
  48 P C   0.892  0.067  0.041
  49 L C   0.910  0.069  0.022
  50 T C   0.869  0.115  0.016
  51 R H   0.090  0.905  0.005
  52 A H   0.077  0.919  0.004
  53 H H   0.101  0.895  0.004
  54 L H   0.051  0.946  0.003
  55 T H   0.052  0.945  0.002
  56 E H   0.042  0.955  0.002
  57 V H   0.030  0.968  0.002
  58 E H   0.027  0.972  0.001
  59 S H   0.040  0.959  0.001
  60 R H   0.023  0.977  0.000
  61 L H   0.023  0.977  0.000
  62 E H   0.028  0.972  0.000
  63 R H   0.031  0.968  0.000
  64 L H   0.035  0.965  0.000
  65 E H   0.030  0.969  0.000
  66 Q H   0.042  0.957  0.001
  67 L H   0.071  0.926  0.003
  68 F H   0.095  0.895  0.011
  69 L H   0.173  0.810  0.017
  70 L H   0.202  0.770  0.028
  71 I H   0.303  0.662  0.035
  72 F C   0.947  0.021  0.032
  73 P C   0.938  0.034  0.028
  74 R H   0.399  0.600  0.001
  75 E H   0.423  0.577  0.000
  76 D H   0.412  0.588  0.000
  77 L H   0.135  0.863  0.002
  78 D H   0.118  0.877  0.005
  79 M H   0.073  0.914  0.013
  80 I H   0.099  0.882  0.019
  81 L H   0.212  0.762  0.026
  82 K C   0.670  0.308  0.022
  83 M C   0.891  0.097  0.012
  84 D C   0.892  0.105  0.002
  85 S C   0.785  0.213  0.001
  86 L H   0.122  0.877  0.000
  87 Q H   0.088  0.912  0.000
  88 D H   0.083  0.917  0.000
  89 I H   0.030  0.970  0.001
  90 K H   0.020  0.979  0.001
  91 A H   0.027  0.971  0.001
  92 L H   0.036  0.962  0.002
  93 L H   0.083  0.915  0.002
  94 T H   0.246  0.752  0.002
  95 G H   0.497  0.501  0.002
  96 L C   0.598  0.397  0.005
  97 F C   0.655  0.333  0.011
  98 V C   0.816  0.169  0.014
  99 Q C   0.873  0.113  0.014
 100 D C   0.924  0.067  0.009
 101 N C   0.933  0.062  0.005
 102 V C   0.958  0.035  0.007
 103 N C   0.972  0.023  0.005
 104 K C   0.819  0.177  0.004
 105 D C   0.824  0.173  0.003
 106 A C   0.779  0.217  0.004
 107 V C   0.741  0.251  0.009
 108 T C   0.717  0.271  0.012
 109 D C   0.723  0.264  0.013
 110 R C   0.704  0.277  0.018
 111 L C   0.703  0.269  0.028
 112 A C   0.718  0.248  0.035
 113 S C   0.793  0.168  0.039
 114 V C   0.860  0.095  0.045
 115 E C   0.885  0.072  0.043
 116 T C   0.923  0.051  0.026
 117 D C   0.944  0.044  0.012
 118 M C   0.955  0.035  0.010
 119 P C   0.934  0.056  0.010
 120 L C   0.837  0.130  0.033
 121 T C   0.804  0.142  0.054
 122 L C   0.752  0.190  0.058
 123 R C   0.770  0.178  0.052
 124 Q C   0.766  0.187  0.047
 125 H C   0.813  0.146  0.041
 126 R C   0.828  0.113  0.059
 127 I C   0.866  0.096  0.038
 128 S C   0.902  0.074  0.024
 129 A C   0.941  0.044  0.015
 130 T C   0.968  0.021  0.012
 131 S C   0.977  0.013  0.010
 132 S C   0.984  0.009  0.006
 133 S C   0.972  0.023  0.005
 134 E C   0.928  0.066  0.006
 135 E C   0.916  0.078  0.005
 136 S C   0.916  0.081  0.003
 137 S C   0.940  0.058  0.002
 138 N C   0.949  0.050  0.001
 139 K C   0.945  0.054  0.002
 140 G C   0.952  0.043  0.005
 141 Q C   0.940  0.043  0.017
 142 R C   0.930  0.040  0.029
 143 Q C   0.932  0.027  0.041
 144 L C   0.921  0.023  0.056
 145 T C   0.922  0.011  0.067
 146 V C   0.930  0.004  0.066
 147 S C   0.983  0.001  0.016
 148 P C   0.990  0.003  0.008
 149 E C   0.988  0.003  0.009
 150 F C   0.988  0.003  0.009
 151 P C   0.986  0.009  0.005
 152 F C   0.964  0.034  0.001
 153 N C   0.955  0.043  0.001
 154 E C   0.930  0.069  0.001
 155 Q C   0.944  0.055  0.001
 156 N C   0.953  0.046  0.000
 157 D C   0.937  0.063  0.000
 158 E C   0.915  0.084  0.001
 159 L C   0.917  0.082  0.001
 160 N C   0.940  0.059  0.001
 161 S C   0.956  0.043  0.001
 162 Q C   0.955  0.044  0.001
 163 E C   0.955  0.043  0.001
 164 N C   0.966  0.033  0.001
 165 H C   0.975  0.025  0.001
 166 N C   0.985  0.015  0.001
 167 S C   0.988  0.012  0.000
 168 S C   0.986  0.014  0.000
 169 E C   0.987  0.013  0.000
 170 N C   0.989  0.011  0.000
 171 G C   0.989  0.011  0.000
 172 N C   0.991  0.009  0.000
 173 E C   0.985  0.015  0.000
 174 N C   0.984  0.016  0.000
 175 E C   0.949  0.050  0.000
 176 N C   0.931  0.069  0.000
 177 E C   0.866  0.133  0.001
 178 Q C   0.863  0.135  0.002
 179 D C   0.882  0.115  0.003
 180 S C   0.869  0.121  0.011
 181 L C   0.800  0.179  0.021
 182 A C   0.772  0.207  0.021
 183 L C   0.608  0.381  0.011
 184 D C   0.661  0.336  0.003
 185 D C   0.590  0.409  0.001
 186 L H   0.480  0.519  0.000
 187 D H   0.450  0.549  0.000
 188 R H   0.405  0.593  0.002
 189 A H   0.397  0.598  0.005
 190 F H   0.364  0.613  0.023
 191 E H   0.447  0.523  0.031
 192 L C   0.506  0.458  0.037
 193 V C   0.566  0.414  0.020
 194 E C   0.712  0.276  0.012
 195 G C   0.874  0.122  0.004
 196 M C   0.937  0.057  0.006
 197 D C   0.950  0.040  0.010
 198 M C   0.845  0.134  0.021
 199 D C   0.814  0.152  0.034
 200 W C   0.824  0.142  0.035
 201 M C   0.899  0.079  0.021
 202 M C   0.987  0.009  0.005
 203 P C   0.977  0.019  0.004
 204 S C   0.979  0.021  0.001
 205 H C   0.970  0.028  0.002
 206 A C   0.970  0.027  0.003
 207 H C   0.985  0.011  0.004
 208 H C   0.997  0.001  0.002
 209 S C   1.000  0.000  0.000
 210 P C   0.996  0.004  0.000
