# PSIPRED VFORMAT (S4PRED V1.2.4)

   1 M C   0.999  0.000  0.000
   2 K C   0.959  0.036  0.005
   3 L C   0.842  0.146  0.011
   4 L C   0.832  0.156  0.011
   5 S C   0.756  0.238  0.006
   6 S C   0.659  0.338  0.003
   7 I H   0.265  0.733  0.002
   8 E H   0.306  0.691  0.003
   9 Q H   0.310  0.685  0.005
  10 A H   0.290  0.708  0.002
  11 C H   0.391  0.608  0.001
  12 D H   0.212  0.787  0.001
  13 I H   0.142  0.857  0.001
  14 C H   0.234  0.764  0.002
  15 R H   0.300  0.697  0.003
  16 L H   0.361  0.635  0.005
  17 K C   0.634  0.360  0.006
  18 K C   0.788  0.205  0.007
  19 L C   0.906  0.087  0.007
  20 K C   0.873  0.093  0.034
  21 C C   0.911  0.056  0.033
  22 S C   0.918  0.062  0.021
  23 K C   0.939  0.045  0.016
  24 E C   0.951  0.035  0.014
  25 K C   0.971  0.021  0.008
  26 P C   0.926  0.063  0.011
  27 K C   0.883  0.094  0.023
  28 C C   0.764  0.197  0.039
  29 A H   0.378  0.599  0.023
  30 K H   0.278  0.698  0.025
  31 C H   0.266  0.712  0.023
  32 L H   0.330  0.661  0.009
  33 K H   0.396  0.597  0.007
  34 N C   0.712  0.278  0.010
  35 N C   0.836  0.131  0.033
  36 W C   0.699  0.135  0.166
  37 E C   0.493  0.143  0.364
  38 C C   0.533  0.127  0.340
  39 R C   0.618  0.091  0.291
  40 Y C   0.748  0.031  0.221
  41 S C   0.952  0.003  0.045
  42 P C   0.924  0.060  0.016
  43 K C   0.908  0.085  0.007
  44 T C   0.909  0.075  0.016
  45 K C   0.914  0.052  0.034
  46 R C   0.933  0.013  0.054
  47 S C   0.935  0.005  0.060
  48 P C   0.884  0.077  0.039
  49 L C   0.900  0.080  0.021
  50 T C   0.859  0.126  0.015
  51 R H   0.080  0.916  0.004
  52 A H   0.069  0.928  0.003
  53 H H   0.086  0.911  0.003
  54 L H   0.043  0.955  0.002
  55 T H   0.043  0.955  0.002
  56 E H   0.033  0.965  0.002
  57 V H   0.025  0.973  0.001
  58 E H   0.023  0.976  0.001
  59 S H   0.034  0.966  0.000
  60 R H   0.021  0.979  0.000
  61 L H   0.022  0.978  0.000
  62 E H   0.027  0.973  0.000
  63 R H   0.028  0.971  0.000
  64 L H   0.032  0.967  0.000
  65 E H   0.027  0.972  0.000
  66 Q H   0.038  0.961  0.001
  67 L H   0.064  0.933  0.003
  68 F H   0.088  0.903  0.010
  69 L H   0.167  0.818  0.015
  70 L H   0.204  0.771  0.025
  71 I H   0.301  0.669  0.030
  72 F C   0.947  0.025  0.028
  73 P C   0.938  0.039  0.023
  74 R H   0.401  0.598  0.001
  75 E H   0.410  0.590  0.000
  76 D H   0.402  0.597  0.000
  77 L H   0.130  0.868  0.002
  78 D H   0.115  0.880  0.005
  79 M H   0.071  0.917  0.012
  80 I H   0.096  0.886  0.018
  81 L H   0.206  0.770  0.025
  82 K C   0.657  0.321  0.021
  83 M C   0.875  0.113  0.012
  84 D C   0.882  0.115  0.003
  85 S C   0.765  0.233  0.001
  86 L H   0.108  0.892  0.000
  87 Q H   0.076  0.924  0.000
  88 D H   0.070  0.930  0.000
  89 I H   0.025  0.975  0.001
  90 K H   0.016  0.983  0.001
  91 A H   0.021  0.977  0.001
  92 L H   0.029  0.969  0.002
  93 L H   0.069  0.929  0.002
  94 T H   0.211  0.787  0.002
  95 G H   0.430  0.567  0.002
  96 L C   0.539  0.456  0.005
  97 F C   0.594  0.396  0.010
  98 V C   0.783  0.205  0.012
  99 Q C   0.860  0.128  0.011
 100 D C   0.912  0.080  0.008
 101 N C   0.911  0.083  0.005
 102 V C   0.942  0.050  0.008
 103 N C   0.963  0.032  0.005
 104 K C   0.722  0.275  0.004
 105 D C   0.748  0.249  0.003
 106 A C   0.698  0.298  0.003
 107 V C   0.653  0.340  0.008
 108 T C   0.641  0.349  0.010
 109 D C   0.650  0.340  0.011
 110 R C   0.628  0.357  0.014
 111 L C   0.631  0.347  0.022
 112 A C   0.668  0.305  0.028
 113 S C   0.757  0.213  0.030
 114 V C   0.841  0.124  0.035
 115 E C   0.869  0.096  0.035
 116 T C   0.905  0.072  0.023
 117 D C   0.925  0.064  0.011
 118 M C   0.934  0.057  0.009
 119 P C   0.913  0.078  0.009
 120 L C   0.800  0.169  0.031
 121 T C   0.768  0.184  0.048
 122 L C   0.711  0.238  0.052
 123 R C   0.735  0.218  0.047
 124 Q C   0.728  0.231  0.041
 125 H C   0.793  0.171  0.035
 126 R C   0.806  0.144  0.050
 127 I C   0.835  0.127  0.038
 128 S C   0.874  0.100  0.025
 129 A C   0.920  0.062  0.018
 130 T C   0.955  0.031  0.014
 131 S C   0.968  0.020  0.012
 132 S C   0.977  0.014  0.009
 133 S C   0.964  0.029  0.007
 134 E C   0.921  0.070  0.009
 135 E C   0.915  0.077  0.008
 136 S C   0.920  0.075  0.005
 137 S C   0.938  0.059  0.003
 138 N C   0.943  0.055  0.002
 139 K C   0.941  0.056  0.003
 140 G C   0.946  0.046  0.008
 141 Q C   0.932  0.045  0.023
 142 R C   0.922  0.043  0.035
 143 Q C   0.911  0.035  0.054
 144 L C   0.891  0.036  0.073
 145 T C   0.905  0.020  0.075
 146 V C   0.919  0.011  0.070
 147 S C   0.982  0.001  0.017
 148 P C   0.979  0.014  0.007
 149 E C   0.974  0.018  0.008
 150 F C   0.990  0.006  0.003
 151 P C   0.966  0.032  0.002
 152 D C   0.898  0.101  0.001
 153 S C   0.845  0.138  0.017
 154 L C   0.812  0.150  0.038
 155 A C   0.818  0.145  0.037
 156 L C   0.658  0.328  0.015
 157 D C   0.720  0.277  0.003
 158 D C   0.674  0.325  0.001
 159 L C   0.521  0.478  0.001
 160 D H   0.480  0.519  0.001
 161 R H   0.447  0.549  0.004
 162 A H   0.427  0.563  0.010
 163 F H   0.358  0.610  0.032
 164 E H   0.419  0.542  0.039
 165 L C   0.484  0.471  0.045
 166 V C   0.546  0.427  0.027
 167 E C   0.698  0.287  0.015
 168 G C   0.865  0.128  0.007
 169 M C   0.929  0.060  0.011
 170 D C   0.940  0.042  0.018
 171 M C   0.844  0.128  0.028
 172 D C   0.804  0.149  0.047
 173 W C   0.806  0.136  0.058
 174 M C   0.867  0.086  0.047
 175 M C   0.971  0.014  0.015
 176 P C   0.958  0.030  0.011
 177 S C   0.963  0.030  0.007
 178 H C   0.943  0.042  0.015
 179 A C   0.947  0.038  0.015
 180 H C   0.966  0.018  0.016
 181 H C   0.982  0.006  0.012
 182 S C   0.997  0.001  0.002
 183 P C   0.956  0.044  0.001
 184 G C   0.947  0.051  0.001
 185 E C   0.927  0.069  0.004
 186 Q C   0.931  0.061  0.008
 187 V C   0.869  0.116  0.015
 188 E C   0.876  0.116  0.008
 189 D C   0.858  0.136  0.006
 190 M C   0.616  0.381  0.002
 191 D C   0.597  0.397  0.006
 192 K C   0.582  0.401  0.017
 193 L C   0.629  0.343  0.029
 194 Y C   0.800  0.165  0.035
 195 E C   0.922  0.054  0.024
 196 T C   0.981  0.008  0.011
 197 P C   0.907  0.083  0.010
 198 I C   0.760  0.233  0.007
 199 D C   0.727  0.263  0.010
 200 M C   0.612  0.376  0.012
 201 Q C   0.632  0.353  0.014
 202 T C   0.692  0.295  0.014
 203 T C   0.655  0.326  0.019
 204 I H   0.376  0.597  0.027
 205 F H   0.333  0.638  0.028
 206 D H   0.378  0.604  0.018
 207 Q H   0.460  0.532  0.008
 208 V H   0.391  0.603  0.006
 209 D H   0.352  0.648  0.001
 210 N H   0.311  0.688  0.001
 211 Y H   0.306  0.685  0.009
 212 L H   0.281  0.704  0.014
 213 H H   0.381  0.604  0.015
 214 M H   0.440  0.548  0.012
 215 V C   0.511  0.483  0.006
 216 N C   0.563  0.435  0.002
 217 S C   0.758  0.242  0.000
 218 G C   0.874  0.126  0.001
 219 L C   0.912  0.087  0.001
 220 Q C   0.939  0.060  0.001
 221 H C   0.961  0.037  0.002
 222 D C   0.962  0.037  0.001
 223 E C   0.973  0.026  0.001
 224 K C   0.989  0.011  0.000
 225 E C   0.999  0.001  0.000
 226 D C   0.999  0.001  0.000
