# PSIPRED VFORMAT (S4PRED V1.2.4)

   1 M C   1.000  0.000  0.000
   2 K C   0.962  0.034  0.004
   3 L C   0.843  0.147  0.010
   4 L C   0.828  0.163  0.009
   5 S C   0.737  0.259  0.005
   6 S C   0.625  0.372  0.003
   7 I H   0.213  0.785  0.002
   8 E H   0.250  0.747  0.003
   9 Q H   0.265  0.730  0.004
  10 A H   0.257  0.741  0.002
  11 C H   0.357  0.642  0.001
  12 D H   0.183  0.817  0.001
  13 I H   0.126  0.873  0.001
  14 C H   0.198  0.800  0.002
  15 R H   0.279  0.718  0.003
  16 L H   0.356  0.639  0.005
  17 K C   0.611  0.383  0.006
  18 K C   0.777  0.216  0.007
  19 L C   0.908  0.085  0.007
  20 K C   0.872  0.096  0.032
  21 C C   0.915  0.056  0.030
  22 S C   0.932  0.054  0.014
  23 K C   0.950  0.038  0.011
  24 E C   0.963  0.028  0.010
  25 K C   0.976  0.018  0.005
  26 P C   0.928  0.064  0.008
  27 K C   0.883  0.097  0.020
  28 C C   0.752  0.212  0.036
  29 A H   0.352  0.627  0.022
  30 K H   0.251  0.725  0.024
  31 C H   0.242  0.738  0.020
  32 L H   0.319  0.673  0.008
  33 K H   0.391  0.603  0.006
  34 N C   0.720  0.272  0.008
  35 N C   0.853  0.117  0.030
  36 W C   0.698  0.126  0.177
  37 E C   0.453  0.134  0.414
  38 C C   0.504  0.115  0.380
  39 R C   0.608  0.084  0.308
  40 Y C   0.752  0.026  0.222
  41 S C   0.960  0.002  0.038
  42 P C   0.929  0.059  0.012
  43 K C   0.917  0.079  0.004
  44 T C   0.918  0.070  0.011
  45 K C   0.925  0.048  0.027
  46 R C   0.946  0.010  0.044
  47 S C   0.948  0.004  0.047
  48 P C   0.892  0.074  0.034
  49 L C   0.905  0.077  0.018
  50 T C   0.862  0.124  0.014
  51 R H   0.090  0.905  0.005
  52 A H   0.077  0.920  0.004
  53 H H   0.099  0.897  0.004
  54 L H   0.052  0.945  0.002
  55 T H   0.051  0.946  0.002
  56 E H   0.041  0.957  0.002
  57 V H   0.031  0.968  0.002
  58 E H   0.028  0.971  0.001
  59 S H   0.041  0.959  0.001
  60 R H   0.022  0.978  0.000
  61 L H   0.022  0.978  0.000
  62 E H   0.025  0.975  0.000
  63 R H   0.028  0.971  0.000
  64 L H   0.032  0.968  0.000
  65 E H   0.028  0.971  0.000
  66 Q H   0.040  0.959  0.001
  67 L H   0.063  0.933  0.003
  68 F H   0.087  0.903  0.010
  69 L H   0.166  0.818  0.016
  70 L H   0.194  0.779  0.027
  71 I H   0.296  0.672  0.032
  72 F C   0.949  0.022  0.029
  73 P C   0.940  0.034  0.025
  74 R H   0.445  0.554  0.001
  75 E H   0.455  0.545  0.000
  76 D H   0.435  0.565  0.000
  77 L H   0.152  0.847  0.002
  78 D H   0.135  0.860  0.005
  79 M H   0.087  0.899  0.014
  80 I H   0.117  0.862  0.021
  81 L H   0.232  0.741  0.027
  82 K C   0.670  0.308  0.022
  83 M C   0.885  0.104  0.011
  84 D C   0.884  0.113  0.002
  85 S C   0.769  0.229  0.001
  86 L H   0.135  0.864  0.000
  87 Q H   0.105  0.894  0.000
  88 D H   0.101  0.899  0.000
  89 I H   0.041  0.958  0.001
  90 K H   0.029  0.970  0.001
  91 A H   0.039  0.959  0.002
  92 L H   0.051  0.946  0.002
  93 L H   0.104  0.893  0.003
  94 T H   0.267  0.730  0.002
  95 G C   0.524  0.473  0.003
  96 L C   0.630  0.364  0.006
  97 F C   0.680  0.307  0.013
  98 V C   0.833  0.151  0.016
  99 Q C   0.886  0.100  0.015
 100 D C   0.929  0.063  0.008
 101 N C   0.938  0.058  0.004
 102 V C   0.960  0.034  0.006
 103 N C   0.974  0.022  0.005
 104 K C   0.844  0.153  0.003
 105 D C   0.848  0.149  0.003
 106 A C   0.812  0.185  0.003
 107 V C   0.782  0.210  0.008
 108 T C   0.753  0.236  0.011
 109 D C   0.762  0.225  0.012
 110 R C   0.746  0.238  0.016
 111 L C   0.736  0.239  0.025
 112 A C   0.745  0.223  0.033
 113 S C   0.813  0.151  0.036
 114 V C   0.875  0.084  0.041
 115 E C   0.897  0.065  0.038
 116 T C   0.931  0.047  0.022
 117 D C   0.950  0.040  0.011
 118 M C   0.959  0.033  0.008
 119 P C   0.939  0.052  0.008
 120 L C   0.855  0.117  0.028
 121 T C   0.827  0.127  0.046
 122 L C   0.778  0.169  0.053
 123 R C   0.795  0.157  0.047
 124 Q C   0.798  0.157  0.045
 125 H C   0.833  0.125  0.042
 126 R C   0.844  0.097  0.059
 127 I C   0.880  0.083  0.038
 128 S C   0.912  0.065  0.024
 129 A C   0.946  0.039  0.015
 130 T C   0.971  0.018  0.011
 131 S C   0.980  0.012  0.009
 132 S C   0.986  0.009  0.005
 133 S C   0.974  0.022  0.004
 134 E C   0.934  0.060  0.006
 135 E C   0.924  0.071  0.005
 136 S C   0.926  0.071  0.003
 137 S C   0.950  0.048  0.002
 138 N C   0.958  0.042  0.001
 139 K C   0.949  0.049  0.002
 140 G C   0.957  0.039  0.004
 141 Q C   0.947  0.037  0.015
 142 R C   0.938  0.037  0.025
 143 Q C   0.938  0.024  0.038
 144 L C   0.926  0.021  0.053
 145 T C   0.925  0.010  0.065
 146 V C   0.934  0.004  0.061
 147 S C   0.984  0.000  0.016
 148 P C   0.991  0.002  0.007
 149 E C   0.989  0.003  0.008
 150 F C   0.988  0.003  0.009
 151 P C   0.986  0.009  0.005
 152 F C   0.965  0.034  0.001
 153 N C   0.954  0.044  0.001
 154 E C   0.929  0.070  0.001
 155 Q C   0.947  0.052  0.001
 156 N C   0.956  0.044  0.001
 157 D C   0.941  0.059  0.000
 158 E C   0.918  0.081  0.001
 159 L C   0.917  0.081  0.002
 160 N C   0.938  0.061  0.001
 161 S C   0.954  0.045  0.001
 162 Q C   0.956  0.042  0.001
 163 E C   0.957  0.041  0.002
 164 N C   0.967  0.032  0.001
 165 H C   0.975  0.024  0.001
 166 N C   0.984  0.015  0.001
 167 S C   0.987  0.012  0.000
 168 S C   0.987  0.013  0.000
 169 E C   0.988  0.012  0.000
 170 N C   0.989  0.011  0.000
 171 G C   0.990  0.010  0.000
 172 N C   0.991  0.009  0.000
 173 E C   0.986  0.014  0.000
 174 N C   0.985  0.015  0.000
 175 E C   0.955  0.044  0.001
 176 N C   0.937  0.062  0.001
 177 E C   0.883  0.116  0.001
 178 Q C   0.883  0.115  0.002
 179 D C   0.900  0.096  0.004
 180 S C   0.890  0.097  0.013
 181 L C   0.835  0.141  0.024
 182 A C   0.812  0.165  0.023
 183 L C   0.676  0.311  0.012
 184 D C   0.705  0.292  0.004
 185 D C   0.635  0.363  0.001
 186 L C   0.574  0.425  0.001
 187 D C   0.553  0.445  0.001
 188 R C   0.520  0.476  0.003
 189 A C   0.523  0.466  0.011
 190 F H   0.440  0.514  0.046
 191 E C   0.522  0.419  0.060
 192 L C   0.602  0.333  0.065
 193 V C   0.693  0.274  0.033
 194 E C   0.795  0.185  0.020
 195 G C   0.924  0.068  0.008
 196 M C   0.956  0.033  0.011
 197 D C   0.962  0.023  0.015
 198 M C   0.881  0.095  0.024
 199 D C   0.858  0.103  0.039
 200 W C   0.853  0.103  0.045
 201 M C   0.898  0.068  0.034
 202 M C   0.977  0.013  0.010
 203 P C   0.964  0.029  0.008
 204 S C   0.972  0.025  0.003
 205 H C   0.957  0.037  0.006
 206 A C   0.951  0.040  0.009
 207 H C   0.973  0.018  0.010
 208 H C   0.986  0.006  0.008
 209 S C   0.997  0.001  0.001
 210 P C   0.986  0.013  0.001
 211 N C   0.985  0.014  0.001
 212 K C   0.979  0.019  0.002
 213 R C   0.982  0.014  0.004
 214 R C   0.994  0.003  0.004
 215 G C   0.996  0.000  0.004
 216 K C   0.993  0.000  0.007
 217 P C   0.994  0.000  0.006
 218 G C   0.999  0.000  0.000
 219 P C   0.995  0.005  0.000
 220 D C   0.992  0.008  0.000
 221 S C   0.973  0.026  0.001
 222 A C   0.944  0.052  0.004
 223 T C   0.930  0.060  0.010
 224 S C   0.900  0.084  0.016
 225 L C   0.839  0.141  0.019
 226 F C   0.831  0.129  0.040
 227 E C   0.897  0.060  0.043
 228 L C   0.993  0.002  0.006
 229 P C   0.991  0.007  0.002
 230 D C   0.955  0.045  0.000
 231 S C   0.947  0.043  0.010
 232 V C   0.952  0.030  0.018
 233 I C   0.976  0.001  0.024
 234 P C   0.988  0.000  0.011
 235 T C   0.998  0.000  0.002
 236 P C   0.999  0.000  0.001
 237 K C   1.000  0.000  0.000
 238 P C   1.000  0.000  0.000
 239 K C   0.999  0.000  0.001
 240 P C   0.999  0.000  0.001
 241 K C   1.000  0.000  0.000
 242 P C   0.989  0.011  0.000
 243 K C   0.980  0.019  0.001
 244 Q C   0.980  0.017  0.003
 245 Y C   0.997  0.001  0.002
 246 P C   0.998  0.001  0.001
 247 K C   0.923  0.003  0.074
 248 V C   0.834  0.003  0.163
 249 I C   0.822  0.002  0.176
 250 L C   0.946  0.000  0.054
 251 P C   0.982  0.002  0.016
 252 S C   0.993  0.005  0.002
 253 N C   0.989  0.010  0.002
 254 S C   0.983  0.010  0.007
 255 T C   0.953  0.005  0.041
 256 R C   0.922  0.003  0.075
 257 R C   0.901  0.002  0.097
 258 V C   0.900  0.001  0.099
 259 S C   0.941  0.001  0.058
 260 P C   0.975  0.007  0.018
 261 V C   0.967  0.008  0.025
 262 T C   0.940  0.009  0.051
 263 A C   0.943  0.012  0.045
 264 K C   0.954  0.008  0.038
 265 T C   0.965  0.005  0.030
 266 S C   0.969  0.003  0.028
 267 S C   0.972  0.004  0.024
 268 S C   0.979  0.007  0.014
 269 A C   0.967  0.011  0.022
 270 E C   0.951  0.012  0.036
 271 G C   0.933  0.008  0.060
 272 V C   0.818  0.005  0.177
 273 V C   0.751  0.006  0.244
 274 V C   0.753  0.006  0.240
 275 A C   0.871  0.007  0.122
 276 S C   0.925  0.005  0.071
 277 E C   0.972  0.003  0.025
 278 S C   0.991  0.000  0.008
 279 P C   0.991  0.001  0.008
 280 V C   0.915  0.001  0.084
 281 I C   0.909  0.002  0.090
 282 A C   0.973  0.002  0.026
 283 P C   0.993  0.002  0.005
 284 H C   0.997  0.002  0.001
 285 G C   0.995  0.003  0.002
 286 S C   0.989  0.007  0.003
 287 S C   0.973  0.019  0.007
 288 H C   0.971  0.021  0.008
 289 S C   0.970  0.020  0.010
 290 R C   0.963  0.022  0.015
 291 S C   0.963  0.022  0.015
 292 L C   0.961  0.029  0.010
 293 S C   0.965  0.025  0.010
 294 K C   0.969  0.020  0.012
 295 R C   0.971  0.014  0.015
 296 R C   0.970  0.017  0.013
 297 S C   0.974  0.017  0.009
 298 S C   0.982  0.011  0.007
 299 G C   0.986  0.005  0.009
 300 A C   0.982  0.004  0.014
 301 L C   0.972  0.002  0.026
 302 V C   0.974  0.001  0.025
 303 D C   0.995  0.001  0.005
 304 D C   0.999  0.001  0.000
 305 D C   0.997  0.003  0.000
