# PSIPRED VFORMAT (S4PRED V1.2.4)

   1 M C   1.000  0.000  0.000
   2 K C   0.962  0.032  0.006
   3 L C   0.851  0.136  0.013
   4 L C   0.841  0.146  0.013
   5 S C   0.768  0.225  0.007
   6 S C   0.671  0.326  0.004
   7 I H   0.268  0.729  0.003
   8 E H   0.310  0.687  0.004
   9 Q H   0.317  0.677  0.006
  10 A H   0.295  0.702  0.003
  11 C H   0.396  0.603  0.001
  12 D H   0.215  0.784  0.001
  13 I H   0.141  0.857  0.002
  14 C H   0.228  0.770  0.003
  15 R H   0.299  0.698  0.003
  16 L H   0.364  0.631  0.005
  17 K C   0.634  0.360  0.007
  18 K C   0.794  0.198  0.008
  19 L C   0.909  0.083  0.009
  20 K C   0.871  0.089  0.040
  21 C C   0.909  0.054  0.038
  22 S C   0.920  0.058  0.022
  23 K C   0.941  0.042  0.017
  24 E C   0.954  0.032  0.015
  25 K C   0.972  0.018  0.009
  26 P C   0.928  0.060  0.012
  27 K C   0.885  0.089  0.025
  28 C C   0.767  0.192  0.041
  29 A H   0.375  0.601  0.025
  30 K H   0.274  0.699  0.027
  31 C H   0.266  0.709  0.025
  32 L H   0.333  0.657  0.010
  33 K H   0.403  0.589  0.007
  34 N C   0.724  0.265  0.011
  35 N C   0.841  0.122  0.037
  36 W C   0.693  0.124  0.183
  37 E C   0.467  0.131  0.402
  38 C C   0.509  0.114  0.376
  39 R C   0.593  0.083  0.323
  40 Y C   0.728  0.028  0.244
  41 S C   0.947  0.003  0.051
  42 P C   0.925  0.057  0.018
  43 K C   0.912  0.080  0.008
  44 T C   0.910  0.071  0.019
  45 K C   0.912  0.048  0.040
  46 R C   0.925  0.011  0.064
  47 S C   0.924  0.004  0.072
  48 P C   0.886  0.067  0.048
  49 L C   0.905  0.070  0.025
  50 T C   0.868  0.114  0.018
  51 R H   0.080  0.914  0.005
  52 A H   0.068  0.927  0.004
  53 H H   0.088  0.908  0.004
  54 L H   0.043  0.954  0.003
  55 T H   0.044  0.954  0.002
  56 E H   0.033  0.964  0.002
  57 V H   0.025  0.973  0.002
  58 E H   0.023  0.976  0.001
  59 S H   0.035  0.965  0.001
  60 R H   0.022  0.977  0.000
  61 L H   0.023  0.976  0.000
  62 E H   0.029  0.971  0.000
  63 R H   0.033  0.967  0.000
  64 L H   0.038  0.962  0.000
  65 E H   0.032  0.967  0.001
  66 Q H   0.045  0.954  0.001
  67 L H   0.071  0.924  0.004
  68 F H   0.090  0.896  0.014
  69 L H   0.170  0.810  0.021
  70 L H   0.201  0.764  0.035
  71 I H   0.304  0.654  0.042
  72 F C   0.940  0.021  0.039
  73 P C   0.933  0.034  0.033
  74 R H   0.392  0.607  0.001
  75 E H   0.411  0.589  0.000
  76 D H   0.401  0.599  0.000
  77 L H   0.122  0.875  0.003
  78 D H   0.107  0.887  0.006
  79 M H   0.062  0.923  0.015
  80 I H   0.085  0.892  0.023
  81 L H   0.191  0.778  0.031
  82 K C   0.650  0.322  0.027
  83 M C   0.883  0.102  0.015
  84 D C   0.892  0.105  0.003
  85 S C   0.781  0.217  0.002
  86 L H   0.095  0.904  0.001
  87 Q H   0.066  0.934  0.000
  88 D H   0.061  0.939  0.000
  89 I H   0.020  0.979  0.001
  90 K H   0.013  0.986  0.001
  91 A H   0.018  0.981  0.001
  92 L H   0.024  0.974  0.002
  93 L H   0.064  0.934  0.002
  94 T H   0.198  0.800  0.002
  95 G H   0.416  0.582  0.003
  96 L C   0.529  0.465  0.006
  97 F C   0.578  0.409  0.012
  98 V C   0.766  0.219  0.016
  99 Q C   0.847  0.139  0.015
 100 D C   0.905  0.084  0.011
 101 N C   0.906  0.086  0.007
 102 V C   0.939  0.051  0.010
 103 N C   0.959  0.034  0.007
 104 K C   0.685  0.310  0.005
 105 D C   0.713  0.283  0.003
 106 A C   0.655  0.341  0.004
 107 V C   0.609  0.381  0.010
 108 T C   0.597  0.390  0.013
 109 D C   0.606  0.380  0.014
 110 R C   0.584  0.396  0.020
 111 L C   0.596  0.375  0.030
 112 A C   0.640  0.325  0.035
 113 S C   0.730  0.231  0.039
 114 V C   0.819  0.137  0.044
 115 E C   0.852  0.104  0.044
 116 T C   0.892  0.078  0.030
 117 D C   0.913  0.073  0.014
 118 M C   0.922  0.066  0.012
 119 P C   0.902  0.086  0.012
 120 L C   0.771  0.186  0.043
 121 T C   0.727  0.204  0.069
 122 L C   0.672  0.259  0.069
 123 R C   0.696  0.243  0.061
 124 Q C   0.687  0.259  0.054
 125 H C   0.764  0.189  0.047
 126 R C   0.785  0.152  0.064
 127 I C   0.824  0.129  0.047
 128 S C   0.867  0.101  0.031
 129 A C   0.917  0.061  0.022
 130 T C   0.952  0.030  0.018
 131 S C   0.965  0.019  0.016
 132 S C   0.974  0.014  0.012
 133 S C   0.963  0.028  0.009
 134 E C   0.917  0.072  0.011
 135 E C   0.909  0.081  0.010
 136 S C   0.913  0.081  0.006
 137 S C   0.930  0.066  0.004
 138 N C   0.937  0.060  0.003
 139 K C   0.936  0.060  0.004
 140 G C   0.938  0.050  0.012
 141 Q C   0.921  0.049  0.030
 142 R C   0.909  0.046  0.045
 143 Q C   0.898  0.036  0.067
 144 L C   0.875  0.037  0.088
 145 T C   0.888  0.020  0.092
 146 V C   0.903  0.010  0.087
 147 S C   0.979  0.002  0.020
 148 P C   0.974  0.017  0.009
 149 E C   0.966  0.022  0.012
 150 F C   0.988  0.008  0.004
 151 P C   0.962  0.036  0.002
 152 D C   0.900  0.098  0.002
 153 S C   0.844  0.136  0.020
 154 L C   0.806  0.151  0.043
 155 A C   0.821  0.139  0.041
 156 L C   0.608  0.376  0.016
 157 D C   0.682  0.314  0.004
 158 D C   0.640  0.358  0.002
 159 L H   0.469  0.530  0.001
 160 D H   0.437  0.562  0.001
 161 R H   0.402  0.593  0.004
 162 A H   0.392  0.598  0.010
 163 F H   0.346  0.624  0.029
 164 E H   0.403  0.563  0.034
 165 L H   0.453  0.505  0.042
 166 V C   0.497  0.478  0.025
 167 E C   0.655  0.330  0.015
 168 G C   0.848  0.147  0.005
 169 M C   0.922  0.069  0.008
 170 D C   0.935  0.052  0.014
 171 M C   0.828  0.147  0.025
 172 D C   0.791  0.169  0.041
 173 W C   0.809  0.152  0.039
 174 M C   0.886  0.090  0.024
 175 M C   0.983  0.011  0.006
 176 P C   0.971  0.024  0.005
 177 S C   0.974  0.024  0.001
 178 H C   0.965  0.032  0.003
 179 A C   0.967  0.028  0.005
 180 H C   0.981  0.013  0.006
 181 H C   0.995  0.001  0.003
 182 S C   1.000  0.000  0.000
 183 P C   0.996  0.004  0.000
