# PSIPRED VFORMAT (S4PRED V1.2.4)

   1 M C   1.000  0.000  0.000
   2 K C   0.962  0.033  0.005
   3 L C   0.850  0.138  0.012
   4 L C   0.840  0.149  0.011
   5 S C   0.764  0.230  0.006
   6 S C   0.662  0.334  0.003
   7 I H   0.263  0.735  0.003
   8 E H   0.304  0.693  0.003
   9 Q H   0.312  0.683  0.005
  10 A H   0.294  0.704  0.003
  11 C H   0.393  0.605  0.001
  12 D H   0.214  0.786  0.001
  13 I H   0.144  0.854  0.002
  14 C H   0.228  0.770  0.002
  15 R H   0.298  0.699  0.003
  16 L H   0.366  0.628  0.005
  17 K C   0.632  0.362  0.006
  18 K C   0.791  0.202  0.008
  19 L C   0.909  0.083  0.008
  20 K C   0.874  0.091  0.035
  21 C C   0.913  0.054  0.033
  22 S C   0.924  0.057  0.018
  23 K C   0.943  0.042  0.015
  24 E C   0.956  0.031  0.012
  25 K C   0.973  0.019  0.008
  26 P C   0.929  0.061  0.010
  27 K C   0.885  0.092  0.023
  28 C C   0.766  0.196  0.038
  29 A H   0.379  0.597  0.024
  30 K H   0.276  0.699  0.026
  31 C H   0.268  0.709  0.023
  32 L H   0.335  0.656  0.009
  33 K H   0.404  0.589  0.007
  34 N C   0.720  0.269  0.010
  35 N C   0.842  0.125  0.033
  36 W C   0.695  0.132  0.173
  37 E C   0.479  0.141  0.380
  38 C C   0.527  0.121  0.352
  39 R C   0.614  0.087  0.299
  40 Y C   0.749  0.029  0.222
  41 S C   0.952  0.003  0.045
  42 P C   0.927  0.057  0.016
  43 K C   0.912  0.081  0.007
  44 T C   0.912  0.072  0.016
  45 K C   0.915  0.049  0.035
  46 R C   0.933  0.011  0.056
  47 S C   0.933  0.005  0.062
  48 P C   0.886  0.073  0.041
  49 L C   0.902  0.076  0.021
  50 T C   0.864  0.120  0.016
  51 R H   0.085  0.910  0.005
  52 A H   0.073  0.923  0.004
  53 H H   0.092  0.904  0.004
  54 L H   0.046  0.951  0.002
  55 T H   0.047  0.951  0.002
  56 E H   0.036  0.962  0.002
  57 V H   0.027  0.971  0.002
  58 E H   0.025  0.974  0.001
  59 S H   0.036  0.963  0.001
  60 R H   0.022  0.977  0.000
  61 L H   0.024  0.976  0.000
  62 E H   0.028  0.971  0.000
  63 R H   0.031  0.968  0.000
  64 L H   0.035  0.965  0.000
  65 E H   0.029  0.970  0.000
  66 Q H   0.042  0.957  0.001
  67 L H   0.069  0.928  0.003
  68 F H   0.094  0.895  0.011
  69 L H   0.182  0.801  0.017
  70 L H   0.216  0.756  0.028
  71 I H   0.315  0.652  0.033
  72 F C   0.947  0.022  0.031
  73 P C   0.939  0.035  0.026
  74 R H   0.430  0.569  0.001
  75 E H   0.443  0.556  0.000
  76 D H   0.428  0.572  0.000
  77 L H   0.146  0.852  0.002
  78 D H   0.127  0.868  0.005
  79 M H   0.079  0.908  0.013
  80 I H   0.107  0.873  0.020
  81 L H   0.217  0.755  0.027
  82 K C   0.664  0.313  0.023
  83 M C   0.882  0.105  0.013
  84 D C   0.888  0.109  0.003
  85 S C   0.776  0.223  0.002
  86 L H   0.127  0.873  0.001
  87 Q H   0.092  0.908  0.001
  88 D H   0.083  0.916  0.000
  89 I H   0.032  0.967  0.001
  90 K H   0.021  0.978  0.001
  91 A H   0.028  0.971  0.002
  92 L H   0.036  0.962  0.002
  93 L H   0.085  0.913  0.002
  94 T H   0.240  0.758  0.002
  95 G H   0.475  0.522  0.003
  96 L C   0.587  0.407  0.005
  97 F C   0.637  0.351  0.011
  98 V C   0.806  0.179  0.014
  99 Q C   0.873  0.115  0.013
 100 D C   0.917  0.074  0.009
 101 N C   0.919  0.075  0.006
 102 V C   0.947  0.045  0.008
 103 N C   0.966  0.028  0.006
 104 K C   0.773  0.223  0.004
 105 D C   0.791  0.206  0.003
 106 A C   0.748  0.248  0.004
 107 V C   0.709  0.283  0.009
 108 T C   0.691  0.298  0.011
 109 D C   0.699  0.289  0.012
 110 R C   0.674  0.310  0.016
 111 L C   0.675  0.300  0.024
 112 A C   0.704  0.266  0.030
 113 S C   0.780  0.187  0.033
 114 V C   0.851  0.111  0.037
 115 E C   0.878  0.085  0.037
 116 T C   0.914  0.062  0.024
 117 D C   0.933  0.055  0.011
 118 M C   0.942  0.049  0.009
 119 P C   0.922  0.068  0.009
 120 L C   0.818  0.150  0.032
 121 T C   0.786  0.163  0.051
 122 L C   0.730  0.215  0.055
 123 R C   0.750  0.200  0.050
 124 Q C   0.748  0.207  0.045
 125 H C   0.807  0.154  0.040
 126 R C   0.821  0.124  0.055
 127 I C   0.855  0.106  0.039
 128 S C   0.892  0.082  0.026
 129 A C   0.931  0.051  0.018
 130 T C   0.962  0.025  0.014
 131 S C   0.972  0.016  0.012
 132 S C   0.980  0.012  0.008
 133 S C   0.968  0.026  0.006
 134 E C   0.929  0.063  0.008
 135 E C   0.923  0.070  0.007
 136 S C   0.927  0.069  0.004
 137 S C   0.943  0.054  0.003
 138 N C   0.948  0.050  0.002
 139 K C   0.944  0.053  0.003
 140 G C   0.948  0.043  0.008
 141 Q C   0.936  0.041  0.023
 142 R C   0.927  0.040  0.033
 143 Q C   0.919  0.031  0.050
 144 L C   0.902  0.031  0.067
 145 T C   0.913  0.016  0.071
 146 V C   0.924  0.008  0.067
 147 S C   0.982  0.001  0.016
 148 P C   0.980  0.013  0.007
 149 E C   0.976  0.017  0.008
 150 F C   0.992  0.006  0.003
 151 P C   0.970  0.028  0.001
 152 D C   0.911  0.087  0.001
 153 S C   0.863  0.120  0.018
 154 L C   0.821  0.138  0.041
 155 A C   0.840  0.120  0.040
 156 L C   0.715  0.269  0.016
 157 D C   0.764  0.233  0.004
 158 D C   0.724  0.275  0.001
 159 L C   0.599  0.400  0.001
 160 D C   0.553  0.446  0.001
 161 R C   0.514  0.481  0.005
 162 A H   0.494  0.494  0.012
 163 F H   0.424  0.537  0.039
 164 E C   0.490  0.464  0.047
 165 L C   0.550  0.396  0.054
 166 V C   0.607  0.361  0.032
 167 E C   0.730  0.249  0.020
 168 G C   0.887  0.102  0.010
 169 M C   0.936  0.049  0.015
 170 D C   0.945  0.033  0.021
 171 M C   0.860  0.109  0.031
 172 D C   0.828  0.124  0.047
 173 W C   0.832  0.113  0.055
 174 M C   0.877  0.080  0.043
 175 M C   0.973  0.013  0.013
 176 P C   0.959  0.030  0.011
 177 S C   0.966  0.029  0.005
 178 H C   0.949  0.042  0.009
 179 A C   0.946  0.044  0.010
 180 H C   0.960  0.028  0.012
 181 H C   0.980  0.011  0.009
 182 S C   0.995  0.003  0.002
 183 P C   0.979  0.020  0.001
 184 N C   0.976  0.023  0.001
 185 A C   0.899  0.099  0.002
 186 S C   0.882  0.114  0.003
 187 S C   0.853  0.140  0.007
 188 R C   0.814  0.170  0.015
 189 R C   0.824  0.154  0.022
 190 L C   0.829  0.138  0.033
 191 Q C   0.807  0.148  0.045
 192 K C   0.818  0.134  0.048
 193 T C   0.825  0.117  0.058
 194 I C   0.834  0.111  0.056
 195 S C   0.890  0.083  0.027
 196 N C   0.952  0.042  0.006
 197 G C   0.968  0.030  0.002
 198 N C   0.970  0.027  0.003
 199 S C   0.949  0.044  0.008
 200 K C   0.917  0.073  0.010
 201 R C   0.793  0.197  0.010
 202 D C   0.759  0.233  0.008
 203 E C   0.719  0.270  0.010
 204 W C   0.581  0.402  0.016
 205 D C   0.531  0.446  0.022
 206 E H   0.476  0.488  0.037
 207 F C   0.516  0.443  0.041
 208 M C   0.547  0.406  0.047
 209 F C   0.605  0.347  0.048
 210 S C   0.855  0.105  0.040
 211 L C   0.984  0.008  0.008
 212 P C   0.959  0.035  0.006
 213 E C   0.835  0.165  0.000
 214 S C   0.819  0.180  0.001
 215 S C   0.780  0.219  0.001
 216 L C   0.836  0.162  0.001
 217 A C   0.911  0.088  0.001
 218 N C   0.933  0.066  0.001
 219 D C   0.993  0.007  0.000
 220 L C   0.999  0.001  0.000
