# PSIPRED VFORMAT (S4PRED V1.2.4)

   1 M C   0.999  0.000  0.000
   2 K C   0.959  0.034  0.007
   3 L C   0.845  0.139  0.016
   4 L C   0.835  0.150  0.015
   5 S C   0.764  0.228  0.008
   6 S C   0.667  0.329  0.004
   7 I H   0.268  0.729  0.003
   8 E H   0.308  0.687  0.004
   9 Q H   0.316  0.677  0.007
  10 A H   0.296  0.701  0.003
  11 C H   0.400  0.599  0.001
  12 D H   0.220  0.779  0.001
  13 I H   0.145  0.853  0.002
  14 C H   0.233  0.765  0.003
  15 R H   0.300  0.696  0.004
  16 L H   0.366  0.628  0.006
  17 K C   0.630  0.362  0.007
  18 K C   0.789  0.202  0.009
  19 L C   0.907  0.084  0.009
  20 K C   0.868  0.091  0.041
  21 C C   0.906  0.055  0.039
  22 S C   0.917  0.060  0.023
  23 K C   0.939  0.043  0.018
  24 E C   0.952  0.033  0.015
  25 K C   0.971  0.020  0.010
  26 P C   0.927  0.061  0.012
  27 K C   0.882  0.091  0.027
  28 C C   0.762  0.194  0.045
  29 A H   0.382  0.591  0.027
  30 K H   0.282  0.689  0.029
  31 C H   0.273  0.700  0.027
  32 L H   0.340  0.649  0.011
  33 K H   0.411  0.580  0.008
  34 N C   0.724  0.264  0.012
  35 N C   0.837  0.122  0.041
  36 W C   0.678  0.125  0.197
  37 E C   0.453  0.131  0.415
  38 C C   0.498  0.114  0.388
  39 R C   0.584  0.083  0.332
  40 Y C   0.724  0.028  0.248
  41 S C   0.943  0.003  0.054
  42 P C   0.922  0.058  0.020
  43 K C   0.908  0.084  0.009
  44 T C   0.907  0.073  0.021
  45 K C   0.908  0.049  0.043
  46 R C   0.921  0.011  0.068
  47 S C   0.919  0.005  0.076
  48 P C   0.881  0.069  0.051
  49 L C   0.903  0.071  0.026
  50 T C   0.867  0.113  0.020
  51 R H   0.084  0.909  0.006
  52 A H   0.073  0.922  0.005
  53 H H   0.091  0.904  0.005
  54 L H   0.047  0.950  0.003
  55 T H   0.048  0.949  0.003
  56 E H   0.038  0.959  0.003
  57 V H   0.030  0.968  0.002
  58 E H   0.027  0.972  0.001
  59 S H   0.040  0.959  0.001
  60 R H   0.025  0.974  0.000
  61 L H   0.028  0.972  0.000
  62 E H   0.033  0.966  0.000
  63 R H   0.036  0.964  0.000
  64 L H   0.042  0.958  0.000
  65 E H   0.035  0.964  0.001
  66 Q H   0.048  0.950  0.002
  67 L H   0.076  0.919  0.005
  68 F H   0.098  0.887  0.015
  69 L H   0.183  0.795  0.022
  70 L H   0.215  0.747  0.038
  71 I H   0.319  0.636  0.044
  72 F C   0.939  0.021  0.040
  73 P C   0.932  0.035  0.034
  74 R H   0.415  0.583  0.001
  75 E H   0.425  0.574  0.000
  76 D H   0.410  0.589  0.000
  77 L H   0.140  0.856  0.003
  78 D H   0.126  0.866  0.008
  79 M H   0.076  0.906  0.018
  80 I H   0.102  0.871  0.027
  81 L H   0.217  0.747  0.036
  82 K C   0.663  0.307  0.030
  83 M C   0.880  0.103  0.017
  84 D C   0.893  0.103  0.004
  85 S C   0.771  0.227  0.002
  86 L H   0.119  0.880  0.001
  87 Q H   0.086  0.913  0.001
  88 D H   0.078  0.921  0.001
  89 I H   0.030  0.969  0.001
  90 K H   0.020  0.978  0.001
  91 A H   0.028  0.970  0.002
  92 L H   0.037  0.961  0.003
  93 L H   0.087  0.909  0.003
  94 T H   0.246  0.751  0.003
  95 G H   0.470  0.527  0.004
  96 L C   0.586  0.406  0.008
  97 F C   0.634  0.350  0.016
  98 V C   0.802  0.179  0.020
  99 Q C   0.866  0.115  0.019
 100 D C   0.915  0.072  0.014
 101 N C   0.918  0.073  0.008
 102 V C   0.945  0.043  0.012
 103 N C   0.964  0.027  0.009
 104 K C   0.748  0.246  0.006
 105 D C   0.770  0.226  0.004
 106 A C   0.723  0.271  0.006
 107 V C   0.687  0.299  0.014
 108 T C   0.666  0.317  0.017
 109 D C   0.675  0.306  0.018
 110 R C   0.643  0.332  0.025
 111 L C   0.648  0.317  0.035
 112 A C   0.681  0.277  0.042
 113 S C   0.759  0.197  0.044
 114 V C   0.837  0.114  0.050
 115 E C   0.869  0.081  0.050
 116 T C   0.905  0.063  0.032
 117 D C   0.926  0.057  0.016
 118 M C   0.936  0.051  0.013
 119 P C   0.917  0.069  0.013
 120 L C   0.798  0.158  0.044
 121 T C   0.756  0.172  0.072
 122 L C   0.713  0.213  0.075
 123 R C   0.731  0.201  0.068
 124 Q C   0.731  0.209  0.060
 125 H C   0.789  0.154  0.056
 126 R C   0.800  0.122  0.078
 127 I C   0.835  0.107  0.059
 128 S C   0.876  0.083  0.040
 129 A C   0.921  0.051  0.028
 130 T C   0.951  0.027  0.023
 131 S C   0.962  0.018  0.020
 132 S C   0.972  0.014  0.015
 133 S C   0.961  0.029  0.011
 134 E C   0.915  0.071  0.014
 135 E C   0.910  0.077  0.013
 136 S C   0.915  0.077  0.008
 137 S C   0.935  0.060  0.005
 138 N C   0.942  0.055  0.004
 139 K C   0.943  0.052  0.005
 140 G C   0.948  0.039  0.013
 141 Q C   0.927  0.038  0.035
 142 R C   0.916  0.036  0.048
 143 Q C   0.903  0.026  0.071
 144 L C   0.875  0.027  0.098
 145 T C   0.876  0.015  0.109
 146 V C   0.890  0.005  0.105
 147 S C   0.977  0.001  0.022
 148 P C   0.978  0.010  0.012
 149 E C   0.971  0.013  0.015
 150 F C   0.978  0.009  0.014
 151 P C   0.985  0.011  0.004
 152 G C   0.974  0.016  0.010
 153 R C   0.950  0.022  0.028
 154 T C   0.931  0.027  0.042
 155 T C   0.880  0.087  0.033
 156 S C   0.841  0.133  0.026
 157 E C   0.867  0.112  0.020
 158 G C   0.869  0.103  0.028
 159 I C   0.829  0.117  0.054
 160 H C   0.832  0.115  0.053
 161 G C   0.820  0.126  0.054
 162 F C   0.807  0.131  0.063
 163 V C   0.796  0.161  0.043
 164 D C   0.836  0.142  0.022
 165 D C   0.897  0.089  0.014
 166 L C   0.953  0.035  0.013
 167 E C   0.970  0.012  0.018
 168 P C   0.949  0.027  0.024
 169 K C   0.934  0.050  0.017
 170 S C   0.908  0.070  0.022
 171 S C   0.824  0.132  0.044
 172 I C   0.508  0.437  0.055
 173 L C   0.523  0.423  0.054
 174 D C   0.560  0.396  0.045
 175 K C   0.621  0.335  0.044
 176 V C   0.695  0.268  0.037
 177 G C   0.742  0.241  0.017
 178 D C   0.700  0.278  0.022
 179 F C   0.530  0.314  0.157
 180 I C   0.519  0.282  0.200
 181 T C   0.547  0.248  0.205
 182 V C   0.650  0.192  0.158
 183 N C   0.790  0.135  0.075
 184 T C   0.884  0.087  0.029
 185 K C   0.909  0.063  0.028
 186 R C   0.921  0.053  0.026
 187 H C   0.956  0.027  0.017
 188 D C   0.983  0.009  0.008
 189 G C   0.994  0.002  0.003
 190 R C   0.998  0.001  0.002
 191 E C   0.999  0.000  0.001
 192 D C   0.999  0.001  0.001
