# PSIPRED VFORMAT (S4PRED V1.2.4)

   1 M C   1.000  0.000  0.000
   2 K C   0.961  0.034  0.005
   3 L C   0.847  0.141  0.012
   4 L C   0.835  0.153  0.011
   5 S C   0.757  0.237  0.006
   6 S C   0.658  0.339  0.003
   7 I H   0.257  0.740  0.003
   8 E H   0.297  0.700  0.004
   9 Q H   0.307  0.688  0.005
  10 A H   0.294  0.704  0.003
  11 C H   0.396  0.603  0.001
  12 D H   0.212  0.787  0.001
  13 I H   0.143  0.856  0.002
  14 C H   0.226  0.772  0.002
  15 R H   0.298  0.699  0.003
  16 L H   0.366  0.629  0.005
  17 K C   0.629  0.365  0.006
  18 K C   0.784  0.208  0.008
  19 L C   0.908  0.085  0.008
  20 K C   0.872  0.093  0.035
  21 C C   0.912  0.056  0.033
  22 S C   0.924  0.059  0.018
  23 K C   0.944  0.042  0.014
  24 E C   0.956  0.032  0.012
  25 K C   0.973  0.020  0.008
  26 P C   0.926  0.064  0.010
  27 K C   0.882  0.095  0.023
  28 C C   0.757  0.204  0.039
  29 A H   0.362  0.614  0.023
  30 K H   0.261  0.714  0.025
  31 C H   0.252  0.725  0.023
  32 L H   0.320  0.671  0.009
  33 K H   0.389  0.604  0.007
  34 N C   0.717  0.274  0.010
  35 N C   0.843  0.125  0.033
  36 W C   0.692  0.132  0.176
  37 E C   0.470  0.139  0.391
  38 C C   0.517  0.121  0.363
  39 R C   0.609  0.088  0.303
  40 Y C   0.748  0.029  0.223
  41 S C   0.954  0.003  0.043
  42 P C   0.923  0.061  0.016
  43 K C   0.907  0.086  0.006
  44 T C   0.910  0.075  0.015
  45 K C   0.916  0.051  0.034
  46 R C   0.934  0.012  0.054
  47 S C   0.937  0.005  0.058
  48 P C   0.887  0.074  0.039
  49 L C   0.903  0.076  0.021
  50 T C   0.862  0.122  0.016
  51 R H   0.089  0.906  0.005
  52 A H   0.077  0.919  0.004
  53 H H   0.098  0.898  0.004
  54 L H   0.051  0.946  0.003
  55 T H   0.052  0.946  0.002
  56 E H   0.042  0.956  0.002
  57 V H   0.031  0.967  0.002
  58 E H   0.028  0.971  0.001
  59 S H   0.041  0.959  0.001
  60 R H   0.023  0.977  0.000
  61 L H   0.024  0.976  0.000
  62 E H   0.028  0.972  0.000
  63 R H   0.031  0.969  0.000
  64 L H   0.034  0.965  0.000
  65 E H   0.030  0.970  0.000
  66 Q H   0.042  0.957  0.001
  67 L H   0.070  0.927  0.003
  68 F H   0.096  0.893  0.010
  69 L H   0.178  0.806  0.016
  70 L H   0.210  0.763  0.027
  71 I H   0.305  0.662  0.033
  72 F C   0.948  0.022  0.030
  73 P C   0.939  0.036  0.026
  74 R H   0.421  0.578  0.001
  75 E H   0.434  0.566  0.000
  76 D H   0.420  0.579  0.000
  77 L H   0.147  0.851  0.002
  78 D H   0.130  0.864  0.005
  79 M H   0.082  0.905  0.013
  80 I H   0.111  0.869  0.020
  81 L H   0.224  0.749  0.028
  82 K C   0.665  0.311  0.023
  83 M C   0.881  0.107  0.012
  84 D C   0.884  0.113  0.003
  85 S C   0.769  0.230  0.001
  86 L H   0.134  0.865  0.001
  87 Q H   0.099  0.901  0.001
  88 D H   0.091  0.908  0.000
  89 I H   0.037  0.962  0.001
  90 K H   0.025  0.974  0.001
  91 A H   0.034  0.965  0.002
  92 L H   0.044  0.954  0.002
  93 L H   0.096  0.902  0.003
  94 T H   0.257  0.740  0.003
  95 G C   0.503  0.494  0.003
  96 L C   0.606  0.388  0.007
  97 F C   0.659  0.327  0.014
  98 V C   0.820  0.163  0.017
  99 Q C   0.879  0.105  0.016
 100 D C   0.921  0.068  0.010
 101 N C   0.929  0.065  0.006
 102 V C   0.953  0.038  0.008
 103 N C   0.970  0.024  0.006
 104 K C   0.811  0.185  0.004
 105 D C   0.820  0.177  0.003
 106 A C   0.780  0.216  0.004
 107 V C   0.747  0.243  0.010
 108 T C   0.723  0.264  0.013
 109 D C   0.733  0.253  0.014
 110 R C   0.707  0.274  0.019
 111 L C   0.703  0.269  0.028
 112 A C   0.721  0.244  0.035
 113 S C   0.794  0.167  0.038
 114 V C   0.857  0.099  0.044
 115 E C   0.884  0.073  0.043
 116 T C   0.922  0.053  0.025
 117 D C   0.942  0.046  0.012
 118 M C   0.950  0.040  0.010
 119 P C   0.930  0.060  0.010
 120 L C   0.829  0.138  0.033
 121 T C   0.799  0.148  0.053
 122 L C   0.746  0.196  0.058
 123 R C   0.762  0.185  0.053
 124 Q C   0.765  0.188  0.047
 125 H C   0.810  0.147  0.044
 126 R C   0.817  0.119  0.064
 127 I C   0.852  0.102  0.046
 128 S C   0.890  0.079  0.031
 129 A C   0.930  0.049  0.021
 130 T C   0.960  0.024  0.016
 131 S C   0.970  0.016  0.013
 132 S C   0.979  0.012  0.009
 133 S C   0.964  0.030  0.006
 134 E C   0.918  0.073  0.009
 135 E C   0.910  0.082  0.008
 136 S C   0.915  0.081  0.005
 137 S C   0.937  0.060  0.003
 138 N C   0.946  0.052  0.002
 139 K C   0.944  0.053  0.003
 140 G C   0.951  0.040  0.008
 141 Q C   0.934  0.040  0.025
 142 R C   0.926  0.038  0.036
 143 Q C   0.921  0.028  0.052
 144 L C   0.900  0.027  0.072
 145 T C   0.904  0.014  0.082
 146 V C   0.917  0.004  0.079
 147 S C   0.984  0.000  0.015
 148 P C   0.985  0.007  0.008
 149 E C   0.981  0.010  0.009
 150 F C   0.985  0.006  0.009
 151 P C   0.989  0.008  0.003
 152 G C   0.982  0.011  0.006
 153 R C   0.965  0.016  0.019
 154 T C   0.953  0.019  0.028
 155 T C   0.921  0.057  0.022
 156 S C   0.896  0.086  0.018
 157 E C   0.915  0.071  0.014
 158 G C   0.918  0.063  0.019
 159 I C   0.892  0.071  0.037
 160 H C   0.890  0.073  0.036
 161 G C   0.884  0.079  0.037
 162 F C   0.870  0.087  0.044
 163 V C   0.857  0.111  0.032
 164 D C   0.887  0.098  0.016
 165 D C   0.929  0.062  0.009
 166 L C   0.971  0.021  0.008
 167 E C   0.980  0.008  0.011
 168 P C   0.966  0.020  0.014
 169 K C   0.956  0.036  0.009
 170 S C   0.936  0.050  0.013
 171 S C   0.882  0.092  0.026
 172 I C   0.617  0.346  0.037
 173 L C   0.619  0.340  0.041
 174 D C   0.664  0.301  0.035
 175 K C   0.721  0.247  0.032
 176 V C   0.779  0.193  0.028
 177 G C   0.813  0.173  0.015
 178 D C   0.781  0.199  0.020
 179 F C   0.614  0.250  0.135
 180 I C   0.597  0.232  0.171
 181 T C   0.651  0.192  0.158
 182 V C   0.720  0.158  0.122
 183 N C   0.824  0.116  0.060
 184 T C   0.886  0.089  0.025
 185 K C   0.912  0.065  0.023
 186 R C   0.922  0.055  0.023
 187 H C   0.945  0.034  0.020
 188 D C   0.978  0.012  0.010
 189 G C   0.989  0.009  0.003
 190 R C   0.977  0.019  0.004
 191 E C   0.963  0.032  0.005
 192 D C   0.956  0.040  0.004
 193 F C   0.920  0.077  0.003
 194 N C   0.896  0.102  0.002
 195 E C   0.865  0.134  0.001
 196 Q C   0.885  0.114  0.001
 197 N C   0.897  0.103  0.001
 198 D C   0.867  0.132  0.001
 199 E C   0.859  0.139  0.002
 200 L C   0.867  0.131  0.002
 201 N C   0.901  0.098  0.001
 202 S C   0.920  0.078  0.001
 203 Q C   0.920  0.078  0.002
 204 E C   0.926  0.072  0.002
 205 N C   0.944  0.056  0.001
 206 H C   0.958  0.041  0.001
 207 N C   0.975  0.025  0.001
 208 S C   0.980  0.019  0.000
 209 S C   0.978  0.021  0.000
 210 E C   0.980  0.019  0.000
 211 N C   0.984  0.016  0.000
 212 G C   0.986  0.014  0.000
 213 N C   0.988  0.012  0.000
 214 E C   0.981  0.018  0.000
 215 N C   0.980  0.019  0.000
 216 E C   0.938  0.061  0.001
 217 N C   0.915  0.084  0.001
 218 E C   0.846  0.153  0.002
 219 Q C   0.839  0.158  0.003
 220 D C   0.859  0.136  0.005
 221 S C   0.846  0.139  0.015
 222 L C   0.777  0.195  0.028
 223 A C   0.750  0.223  0.027
 224 L C   0.592  0.393  0.014
 225 D C   0.642  0.354  0.004
 226 D C   0.585  0.413  0.001
 227 L H   0.495  0.505  0.001
 228 D H   0.472  0.527  0.001
 229 R H   0.427  0.570  0.003
 230 A H   0.420  0.571  0.009
 231 F H   0.376  0.590  0.034
 232 E H   0.457  0.499  0.044
 233 L C   0.508  0.440  0.052
 234 V C   0.572  0.399  0.028
 235 E C   0.713  0.270  0.018
 236 G C   0.877  0.118  0.006
 237 M C   0.939  0.053  0.008
 238 D C   0.949  0.037  0.014
 239 M C   0.846  0.126  0.028
 240 D C   0.815  0.142  0.044
 241 W C   0.822  0.134  0.044
 242 M C   0.898  0.075  0.027
 243 M C   0.986  0.008  0.006
 244 P C   0.977  0.018  0.005
 245 S C   0.979  0.020  0.001
 246 H C   0.969  0.028  0.003
 247 A C   0.968  0.027  0.004
 248 H C   0.983  0.012  0.005
 249 H C   0.996  0.001  0.003
 250 S C   1.000  0.000  0.000
 251 P C   0.995  0.004  0.000
