# PSIPRED VFORMAT (S4PRED V1.2.4)

   1 M C   1.000  0.000  0.000
   2 K C   0.961  0.034  0.005
   3 L C   0.844  0.144  0.012
   4 L C   0.832  0.157  0.011
   5 S C   0.747  0.247  0.006
   6 S C   0.639  0.358  0.003
   7 I H   0.228  0.770  0.002
   8 E H   0.267  0.730  0.003
   9 Q H   0.281  0.714  0.005
  10 A H   0.268  0.729  0.003
  11 C H   0.371  0.628  0.001
  12 D H   0.194  0.806  0.001
  13 I H   0.130  0.868  0.002
  14 C H   0.205  0.793  0.002
  15 R H   0.283  0.714  0.003
  16 L H   0.359  0.636  0.006
  17 K C   0.613  0.380  0.007
  18 K C   0.779  0.212  0.008
  19 L C   0.908  0.084  0.008
  20 K C   0.869  0.094  0.037
  21 C C   0.911  0.055  0.034
  22 S C   0.928  0.056  0.017
  23 K C   0.947  0.039  0.014
  24 E C   0.959  0.029  0.012
  25 K C   0.975  0.018  0.007
  26 P C   0.928  0.062  0.010
  27 K C   0.883  0.094  0.024
  28 C C   0.755  0.205  0.040
  29 A H   0.363  0.613  0.024
  30 K H   0.263  0.711  0.027
  31 C H   0.255  0.722  0.023
  32 L H   0.330  0.660  0.009
  33 K H   0.404  0.589  0.007
  34 N C   0.724  0.267  0.009
  35 N C   0.850  0.115  0.034
  36 W C   0.690  0.121  0.189
  37 E C   0.441  0.129  0.431
  38 C C   0.490  0.111  0.399
  39 R C   0.591  0.082  0.327
  40 Y C   0.737  0.026  0.238
  41 S C   0.954  0.002  0.043
  42 P C   0.927  0.058  0.015
  43 K C   0.916  0.079  0.006
  44 T C   0.917  0.069  0.014
  45 K C   0.921  0.047  0.032
  46 R C   0.939  0.010  0.052
  47 S C   0.938  0.004  0.058
  48 P C   0.891  0.069  0.040
  49 L C   0.907  0.072  0.021
  50 T C   0.869  0.115  0.016
  51 R H   0.086  0.908  0.005
  52 A H   0.072  0.923  0.004
  53 H H   0.094  0.901  0.004
  54 L H   0.049  0.948  0.003
  55 T H   0.048  0.949  0.003
  56 E H   0.038  0.959  0.002
  57 V H   0.029  0.969  0.002
  58 E H   0.027  0.972  0.001
  59 S H   0.040  0.960  0.001
  60 R H   0.023  0.977  0.000
  61 L H   0.024  0.976  0.000
  62 E H   0.027  0.973  0.000
  63 R H   0.031  0.969  0.000
  64 L H   0.035  0.964  0.000
  65 E H   0.031  0.968  0.001
  66 Q H   0.044  0.955  0.001
  67 L H   0.069  0.927  0.004
  68 F H   0.092  0.896  0.012
  69 L H   0.173  0.808  0.019
  70 L H   0.201  0.767  0.032
  71 I H   0.307  0.655  0.038
  72 F C   0.945  0.021  0.034
  73 P C   0.937  0.034  0.029
  74 R H   0.429  0.570  0.001
  75 E H   0.436  0.564  0.000
  76 D H   0.418  0.582  0.000
  77 L H   0.143  0.855  0.002
  78 D H   0.129  0.866  0.006
  79 M H   0.081  0.904  0.015
  80 I H   0.110  0.868  0.022
  81 L H   0.227  0.744  0.030
  82 K C   0.675  0.301  0.024
  83 M C   0.883  0.104  0.012
  84 D C   0.887  0.110  0.003
  85 S C   0.767  0.231  0.001
  86 L H   0.124  0.875  0.000
  87 Q H   0.097  0.902  0.001
  88 D H   0.090  0.910  0.000
  89 I H   0.038  0.961  0.001
  90 K H   0.026  0.972  0.001
  91 A H   0.037  0.961  0.002
  92 L H   0.049  0.949  0.002
  93 L H   0.104  0.894  0.003
  94 T H   0.269  0.729  0.003
  95 G C   0.520  0.477  0.003
  96 L C   0.632  0.361  0.007
  97 F C   0.680  0.306  0.015
  98 V C   0.832  0.150  0.018
  99 Q C   0.882  0.101  0.017
 100 D C   0.925  0.064  0.010
 101 N C   0.934  0.061  0.005
 102 V C   0.956  0.036  0.008
 103 N C   0.971  0.023  0.006
 104 K C   0.821  0.174  0.004
 105 D C   0.829  0.168  0.003
 106 A C   0.790  0.205  0.004
 107 V C   0.760  0.229  0.011
 108 T C   0.729  0.258  0.014
 109 D C   0.738  0.247  0.015
 110 R C   0.716  0.264  0.020
 111 L C   0.711  0.258  0.031
 112 A C   0.725  0.237  0.038
 113 S C   0.794  0.164  0.041
 114 V C   0.862  0.090  0.048
 115 E C   0.887  0.067  0.045
 116 T C   0.923  0.050  0.027
 117 D C   0.942  0.045  0.013
 118 M C   0.952  0.038  0.010
 119 P C   0.935  0.055  0.010
 120 L C   0.838  0.129  0.033
 121 T C   0.810  0.139  0.051
 122 L C   0.766  0.178  0.056
 123 R C   0.780  0.171  0.049
 124 Q C   0.781  0.174  0.045
 125 H C   0.821  0.135  0.043
 126 R C   0.834  0.102  0.064
 127 I C   0.872  0.086  0.043
 128 S C   0.905  0.068  0.027
 129 A C   0.942  0.040  0.018
 130 T C   0.967  0.020  0.013
 131 S C   0.975  0.013  0.012
 132 S C   0.982  0.010  0.008
 133 S C   0.969  0.025  0.006
 134 E C   0.927  0.065  0.008
 135 E C   0.917  0.075  0.008
 136 S C   0.922  0.074  0.004
 137 S C   0.943  0.055  0.002
 138 N C   0.949  0.050  0.001
 139 K C   0.941  0.057  0.002
 140 G C   0.951  0.043  0.006
 141 Q C   0.942  0.039  0.019
 142 R C   0.932  0.038  0.031
 143 Q C   0.928  0.024  0.048
 144 L C   0.912  0.023  0.065
 145 T C   0.912  0.012  0.076
 146 V C   0.919  0.005  0.076
 147 S C   0.980  0.001  0.019
 148 P C   0.983  0.008  0.009
 149 E C   0.984  0.009  0.007
 150 F C   0.990  0.007  0.003
 151 P C   0.983  0.015  0.001
 152 N C   0.976  0.023  0.001
 153 K C   0.972  0.025  0.003
 154 R C   0.975  0.019  0.006
 155 R C   0.991  0.003  0.006
 156 G C   0.993  0.000  0.007
 157 K C   0.990  0.000  0.010
 158 P C   0.994  0.000  0.006
 159 G C   0.999  0.000  0.001
 160 P C   0.995  0.005  0.000
 161 D C   0.992  0.008  0.000
 162 S C   0.974  0.024  0.002
 163 A C   0.947  0.047  0.006
 164 T C   0.929  0.058  0.013
 165 S C   0.901  0.078  0.021
 166 L C   0.843  0.131  0.027
 167 F C   0.829  0.120  0.051
 168 E C   0.891  0.058  0.051
 169 L C   0.991  0.002  0.007
 170 P C   0.991  0.006  0.002
 171 D C   0.954  0.045  0.001
 172 S C   0.946  0.043  0.011
 173 V C   0.950  0.030  0.020
 174 I C   0.972  0.001  0.027
 175 P C   0.987  0.000  0.013
 176 T C   0.997  0.000  0.003
 177 P C   0.999  0.000  0.001
 178 K C   1.000  0.000  0.000
 179 P C   0.999  0.000  0.000
 180 K C   0.999  0.000  0.001
 181 P C   0.999  0.000  0.001
 182 K C   1.000  0.000  0.000
 183 P C   0.989  0.011  0.000
 184 K C   0.980  0.018  0.002
 185 Q C   0.981  0.016  0.004
 186 Y C   0.997  0.001  0.003
 187 P C   0.997  0.001  0.002
 188 K C   0.919  0.003  0.079
 189 V C   0.828  0.003  0.169
 190 I C   0.812  0.002  0.186
 191 L C   0.942  0.000  0.058
 192 P C   0.982  0.002  0.016
 193 S C   0.993  0.005  0.003
 194 N C   0.988  0.009  0.002
 195 S C   0.982  0.010  0.008
 196 T C   0.950  0.005  0.045
 197 R C   0.916  0.003  0.082
 198 R C   0.893  0.002  0.105
 199 V C   0.888  0.001  0.111
 200 S C   0.934  0.001  0.066
 201 P C   0.972  0.007  0.021
 202 V C   0.964  0.008  0.028
 203 T C   0.936  0.009  0.055
 204 A C   0.940  0.012  0.047
 205 K C   0.949  0.009  0.042
 206 T C   0.961  0.006  0.033
 207 S C   0.966  0.003  0.031
 208 S C   0.969  0.004  0.027
 209 S C   0.977  0.006  0.017
 210 A C   0.964  0.011  0.025
 211 E C   0.949  0.011  0.040
 212 G C   0.931  0.007  0.062
 213 V C   0.811  0.005  0.184
 214 V C   0.739  0.005  0.256
 215 V C   0.742  0.006  0.252
 216 A C   0.866  0.007  0.127
 217 S C   0.920  0.005  0.076
 218 E C   0.969  0.003  0.028
 219 S C   0.990  0.000  0.009
 220 P C   0.990  0.001  0.009
 221 V C   0.909  0.001  0.090
 222 I C   0.903  0.002  0.095
 223 A C   0.970  0.002  0.028
 224 P C   0.992  0.002  0.006
 225 H C   0.997  0.002  0.001
 226 G C   0.995  0.003  0.002
 227 S C   0.989  0.007  0.004
 228 S C   0.973  0.019  0.009
 229 H C   0.971  0.020  0.009
 230 S C   0.969  0.019  0.012
 231 R C   0.962  0.021  0.016
 232 S C   0.962  0.022  0.016
 233 L C   0.961  0.028  0.011
 234 S C   0.965  0.025  0.010
 235 K C   0.968  0.019  0.012
 236 R C   0.971  0.014  0.015
 237 R C   0.970  0.016  0.014
 238 S C   0.973  0.017  0.010
 239 S C   0.982  0.011  0.007
 240 G C   0.986  0.005  0.010
 241 A C   0.982  0.004  0.014
 242 L C   0.972  0.002  0.026
 243 V C   0.973  0.001  0.026
 244 D C   0.994  0.000  0.005
 245 D C   0.999  0.001  0.000
 246 D C   0.999  0.001  0.000
