# PSIPRED VFORMAT (S4PRED V1.2.4)

   1 M C   1.000  0.000  0.000
   2 K C   0.964  0.032  0.004
   3 L C   0.850  0.139  0.010
   4 L C   0.836  0.155  0.009
   5 S C   0.751  0.244  0.005
   6 S C   0.644  0.353  0.003
   7 I H   0.234  0.764  0.002
   8 E H   0.274  0.723  0.003
   9 Q H   0.288  0.707  0.005
  10 A H   0.278  0.719  0.002
  11 C H   0.380  0.619  0.001
  12 D H   0.198  0.802  0.001
  13 I H   0.135  0.863  0.001
  14 C H   0.211  0.786  0.002
  15 R H   0.292  0.705  0.003
  16 L H   0.366  0.629  0.005
  17 K C   0.626  0.368  0.006
  18 K C   0.785  0.208  0.007
  19 L C   0.911  0.082  0.007
  20 K C   0.875  0.092  0.032
  21 C C   0.916  0.054  0.030
  22 S C   0.932  0.054  0.014
  23 K C   0.950  0.038  0.011
  24 E C   0.962  0.028  0.010
  25 K C   0.976  0.018  0.006
  26 P C   0.929  0.063  0.009
  27 K C   0.884  0.095  0.021
  28 C C   0.754  0.209  0.037
  29 A H   0.354  0.623  0.022
  30 K H   0.253  0.723  0.024
  31 C H   0.244  0.735  0.021
  32 L H   0.319  0.673  0.008
  33 K H   0.390  0.604  0.006
  34 N C   0.727  0.265  0.008
  35 N C   0.855  0.115  0.029
  36 W C   0.703  0.125  0.172
  37 E C   0.462  0.133  0.405
  38 C C   0.511  0.115  0.373
  39 R C   0.612  0.084  0.304
  40 Y C   0.754  0.026  0.219
  41 S C   0.959  0.002  0.039
  42 P C   0.928  0.059  0.013
  43 K C   0.915  0.080  0.005
  44 T C   0.917  0.071  0.012
  45 K C   0.923  0.049  0.028
  46 R C   0.944  0.010  0.046
  47 S C   0.946  0.004  0.050
  48 P C   0.893  0.073  0.034
  49 L C   0.906  0.075  0.019
  50 T C   0.866  0.119  0.014
  51 R H   0.095  0.900  0.005
  52 A H   0.082  0.914  0.004
  53 H H   0.106  0.891  0.004
  54 L H   0.056  0.941  0.003
  55 T H   0.056  0.942  0.002
  56 E H   0.045  0.953  0.002
  57 V H   0.034  0.965  0.002
  58 E H   0.031  0.968  0.001
  59 S H   0.044  0.955  0.001
  60 R H   0.023  0.976  0.000
  61 L H   0.024  0.976  0.000
  62 E H   0.027  0.973  0.000
  63 R H   0.030  0.969  0.000
  64 L H   0.034  0.966  0.000
  65 E H   0.030  0.969  0.000
  66 Q H   0.042  0.956  0.001
  67 L H   0.069  0.928  0.003
  68 F H   0.094  0.895  0.010
  69 L H   0.174  0.810  0.016
  70 L H   0.203  0.769  0.028
  71 I H   0.301  0.667  0.033
  72 F C   0.950  0.021  0.029
  73 P C   0.942  0.033  0.025
  74 R H   0.433  0.566  0.001
  75 E H   0.446  0.553  0.000
  76 D H   0.431  0.569  0.000
  77 L H   0.149  0.849  0.002
  78 D H   0.134  0.861  0.005
  79 M H   0.086  0.901  0.013
  80 I H   0.114  0.866  0.020
  81 L H   0.231  0.743  0.026
  82 K C   0.676  0.302  0.022
  83 M C   0.887  0.102  0.011
  84 D C   0.887  0.111  0.002
  85 S C   0.771  0.228  0.001
  86 L H   0.136  0.864  0.000
  87 Q H   0.106  0.894  0.000
  88 D H   0.101  0.899  0.000
  89 I H   0.043  0.957  0.001
  90 K H   0.030  0.969  0.001
  91 A H   0.041  0.958  0.002
  92 L H   0.054  0.944  0.002
  93 L H   0.108  0.889  0.002
  94 T H   0.277  0.720  0.002
  95 G C   0.538  0.459  0.003
  96 L C   0.635  0.359  0.006
  97 F C   0.683  0.303  0.013
  98 V C   0.834  0.149  0.017
  99 Q C   0.885  0.099  0.016
 100 D C   0.927  0.064  0.009
 101 N C   0.937  0.058  0.005
 102 V C   0.959  0.034  0.007
 103 N C   0.973  0.022  0.005
 104 K C   0.840  0.156  0.003
 105 D C   0.845  0.153  0.003
 106 A C   0.810  0.187  0.003
 107 V C   0.782  0.209  0.008
 108 T C   0.753  0.236  0.011
 109 D C   0.760  0.227  0.013
 110 R C   0.742  0.242  0.016
 111 L C   0.735  0.240  0.025
 112 A C   0.744  0.223  0.033
 113 S C   0.813  0.151  0.036
 114 V C   0.873  0.085  0.042
 115 E C   0.896  0.065  0.039
 116 T C   0.932  0.046  0.022
 117 D C   0.950  0.040  0.010
 118 M C   0.958  0.034  0.008
 119 P C   0.938  0.054  0.008
 120 L C   0.849  0.124  0.027
 121 T C   0.824  0.133  0.044
 122 L C   0.776  0.175  0.049
 123 R C   0.790  0.166  0.043
 124 Q C   0.794  0.166  0.040
 125 H C   0.830  0.133  0.038
 126 R C   0.843  0.100  0.057
 127 I C   0.878  0.085  0.037
 128 S C   0.910  0.066  0.024
 129 A C   0.944  0.040  0.015
 130 T C   0.970  0.019  0.011
 131 S C   0.978  0.013  0.010
 132 S C   0.984  0.010  0.006
 133 S C   0.970  0.026  0.004
 134 E C   0.927  0.066  0.006
 135 E C   0.917  0.077  0.006
 136 S C   0.921  0.076  0.003
 137 S C   0.943  0.055  0.002
 138 N C   0.950  0.049  0.001
 139 K C   0.942  0.057  0.002
 140 G C   0.952  0.044  0.004
 141 Q C   0.944  0.041  0.015
 142 R C   0.936  0.039  0.025
 143 Q C   0.935  0.025  0.040
 144 L C   0.921  0.023  0.056
 145 T C   0.922  0.012  0.066
 146 V C   0.927  0.005  0.068
 147 S C   0.983  0.001  0.017
 148 P C   0.985  0.007  0.008
 149 E C   0.986  0.008  0.006
 150 F C   0.991  0.006  0.003
 151 P C   0.984  0.015  0.001
 152 N C   0.975  0.024  0.001
 153 K C   0.970  0.027  0.003
 154 R C   0.974  0.021  0.005
 155 R C   0.993  0.003  0.005
 156 G C   0.994  0.000  0.005
 157 K C   0.992  0.000  0.008
 158 P C   0.995  0.000  0.005
 159 G C   0.999  0.000  0.000
 160 P C   0.995  0.004  0.000
 161 D C   0.993  0.007  0.000
 162 S C   0.975  0.023  0.002
 163 A C   0.950  0.045  0.004
 164 T C   0.934  0.056  0.010
 165 S C   0.907  0.076  0.016
 166 L C   0.853  0.125  0.021
 167 F C   0.840  0.117  0.043
 168 E C   0.905  0.052  0.043
 169 L C   0.993  0.001  0.005
 170 P C   0.992  0.006  0.002
 171 D C   0.957  0.042  0.001
 172 S C   0.950  0.042  0.009
 173 V C   0.954  0.030  0.016
 174 I C   0.977  0.001  0.022
 175 P C   0.989  0.000  0.011
 176 T C   0.998  0.000  0.002
 177 P C   0.999  0.000  0.001
 178 K C   1.000  0.000  0.000
 179 P C   0.999  0.000  0.000
 180 K C   0.999  0.000  0.001
 181 P C   0.999  0.000  0.001
 182 K C   1.000  0.000  0.000
 183 P C   0.989  0.010  0.000
 184 K C   0.981  0.018  0.002
 185 Q C   0.983  0.014  0.003
 186 Y C   0.997  0.001  0.002
 187 P C   0.997  0.001  0.001
 188 K C   0.926  0.003  0.071
 189 V C   0.843  0.004  0.154
 190 I C   0.837  0.002  0.160
 191 L C   0.953  0.000  0.047
 192 P C   0.986  0.002  0.012
 193 S C   0.994  0.004  0.002
 194 N C   0.989  0.009  0.002
 195 S C   0.984  0.011  0.006
 196 T C   0.962  0.005  0.033
 197 R C   0.936  0.003  0.061
 198 R C   0.922  0.002  0.076
 199 V C   0.914  0.001  0.085
 200 S C   0.951  0.001  0.048
 201 P C   0.977  0.007  0.016
 202 V C   0.973  0.008  0.020
 203 T C   0.950  0.009  0.041
 204 A C   0.952  0.012  0.036
 205 K C   0.961  0.008  0.031
 206 T C   0.971  0.005  0.023
 207 S C   0.976  0.003  0.021
 208 S C   0.978  0.004  0.019
 209 S C   0.983  0.006  0.010
 210 A C   0.972  0.012  0.016
 211 E C   0.961  0.013  0.025
 212 G C   0.947  0.009  0.045
 213 V C   0.867  0.007  0.127
 214 V C   0.826  0.007  0.167
 215 V C   0.821  0.008  0.171
 216 A C   0.901  0.008  0.091
 217 S C   0.940  0.005  0.055
 218 E C   0.977  0.003  0.020
 219 S C   0.992  0.000  0.008
 220 P C   0.992  0.002  0.007
 221 V C   0.928  0.002  0.070
 222 I C   0.924  0.002  0.074
 223 A C   0.977  0.002  0.022
 224 P C   0.994  0.002  0.004
 225 H C   0.997  0.002  0.001
 226 G C   0.995  0.003  0.002
 227 S C   0.990  0.007  0.003
 228 S C   0.977  0.016  0.007
 229 H C   0.975  0.018  0.007
 230 S C   0.972  0.018  0.010
 231 R C   0.964  0.022  0.014
 232 S C   0.962  0.024  0.014
 233 L C   0.958  0.031  0.011
 234 S C   0.963  0.027  0.010
 235 K C   0.966  0.021  0.013
 236 R C   0.970  0.016  0.014
 237 R C   0.968  0.018  0.013
 238 S C   0.975  0.015  0.010
 239 S C   0.980  0.012  0.009
 240 G C   0.980  0.009  0.011
 241 A C   0.970  0.012  0.017
 242 L C   0.957  0.013  0.031
 243 V C   0.963  0.012  0.025
 244 D C   0.983  0.013  0.004
 245 D C   0.973  0.026  0.001
 246 D C   0.964  0.036  0.001
 247 F C   0.934  0.065  0.001
 248 N C   0.921  0.078  0.000
 249 E C   0.910  0.089  0.001
 250 Q C   0.927  0.072  0.000
 251 N C   0.928  0.072  0.000
 252 D C   0.900  0.100  0.000
 253 E C   0.887  0.112  0.001
 254 L C   0.894  0.105  0.001
 255 N C   0.923  0.076  0.001
 256 S C   0.943  0.056  0.001
 257 Q C   0.944  0.055  0.001
 258 E C   0.947  0.052  0.001
 259 N C   0.958  0.041  0.001
 260 H C   0.968  0.031  0.001
 261 N C   0.981  0.018  0.001
 262 S C   0.986  0.014  0.000
 263 S C   0.985  0.015  0.000
 264 E C   0.986  0.014  0.000
 265 N C   0.989  0.011  0.000
 266 G C   0.989  0.011  0.000
 267 N C   0.991  0.009  0.000
 268 E C   0.985  0.015  0.000
 269 N C   0.984  0.016  0.000
 270 E C   0.946  0.053  0.001
 271 N C   0.926  0.073  0.001
 272 E C   0.862  0.136  0.001
 273 Q C   0.859  0.138  0.003
 274 D C   0.875  0.121  0.004
 275 S C   0.864  0.122  0.014
 276 L C   0.794  0.180  0.027
 277 A C   0.769  0.205  0.026
 278 L C   0.621  0.366  0.013
 279 D C   0.668  0.328  0.003
 280 D C   0.600  0.399  0.001
 281 L C   0.507  0.492  0.000
 282 D H   0.483  0.517  0.001
 283 R H   0.434  0.564  0.002
 284 A H   0.435  0.559  0.006
 285 F H   0.391  0.579  0.030
 286 E H   0.470  0.489  0.041
 287 L C   0.526  0.427  0.047
 288 V C   0.590  0.387  0.023
 289 E C   0.723  0.263  0.014
 290 G C   0.886  0.109  0.005
 291 M C   0.946  0.047  0.007
 292 D C   0.954  0.034  0.013
 293 M C   0.849  0.125  0.026
 294 D C   0.818  0.139  0.042
 295 W C   0.824  0.134  0.042
 296 M C   0.899  0.075  0.025
 297 M C   0.987  0.008  0.005
 298 P C   0.979  0.017  0.004
 299 S C   0.979  0.020  0.001
 300 H C   0.969  0.029  0.002
 301 A C   0.968  0.028  0.004
 302 H C   0.984  0.012  0.004
 303 H C   0.996  0.001  0.002
 304 S C   1.000  0.000  0.000
 305 P C   0.993  0.007  0.000
