# PSIPRED VFORMAT (S4PRED V1.2.4)

   1 M C   1.000  0.000  0.000
   2 K C   0.964  0.032  0.004
   3 L C   0.849  0.140  0.011
   4 L C   0.833  0.156  0.010
   5 S C   0.747  0.248  0.005
   6 S C   0.633  0.364  0.003
   7 I H   0.225  0.773  0.002
   8 E H   0.263  0.734  0.003
   9 Q H   0.278  0.717  0.005
  10 A H   0.273  0.724  0.003
  11 C H   0.377  0.622  0.001
  12 D H   0.198  0.802  0.001
  13 I H   0.137  0.861  0.002
  14 C H   0.210  0.787  0.002
  15 R H   0.290  0.706  0.004
  16 L H   0.372  0.622  0.006
  17 K C   0.623  0.370  0.007
  18 K C   0.783  0.208  0.008
  19 L C   0.913  0.079  0.008
  20 K C   0.874  0.090  0.036
  21 C C   0.915  0.053  0.032
  22 S C   0.934  0.052  0.015
  23 K C   0.952  0.037  0.012
  24 E C   0.964  0.026  0.010
  25 K C   0.976  0.018  0.006
  26 P C   0.929  0.063  0.008
  27 K C   0.883  0.097  0.020
  28 C C   0.750  0.213  0.037
  29 A H   0.356  0.621  0.023
  30 K H   0.255  0.719  0.025
  31 C H   0.248  0.730  0.022
  32 L H   0.324  0.667  0.009
  33 K H   0.398  0.596  0.007
  34 N C   0.723  0.268  0.009
  35 N C   0.854  0.115  0.031
  36 W C   0.693  0.125  0.182
  37 E C   0.447  0.133  0.420
  38 C C   0.498  0.113  0.389
  39 R C   0.603  0.082  0.315
  40 Y C   0.751  0.026  0.223
  41 S C   0.958  0.002  0.039
  42 P C   0.928  0.059  0.013
  43 K C   0.914  0.081  0.005
  44 T C   0.917  0.071  0.012
  45 K C   0.922  0.049  0.029
  46 R C   0.943  0.010  0.046
  47 S C   0.945  0.005  0.050
  48 P C   0.888  0.076  0.036
  49 L C   0.902  0.079  0.019
  50 T C   0.863  0.122  0.015
  51 R H   0.094  0.900  0.006
  52 A H   0.080  0.915  0.004
  53 H H   0.102  0.894  0.005
  54 L H   0.055  0.942  0.003
  55 T H   0.055  0.942  0.003
  56 E H   0.045  0.953  0.003
  57 V H   0.035  0.963  0.002
  58 E H   0.032  0.967  0.001
  59 S H   0.044  0.955  0.001
  60 R H   0.025  0.975  0.000
  61 L H   0.026  0.974  0.000
  62 E H   0.029  0.971  0.000
  63 R H   0.032  0.968  0.000
  64 L H   0.037  0.963  0.000
  65 E H   0.033  0.967  0.001
  66 Q H   0.047  0.952  0.001
  67 L H   0.073  0.923  0.004
  68 F H   0.099  0.889  0.013
  69 L H   0.187  0.794  0.019
  70 L H   0.218  0.750  0.032
  71 I H   0.318  0.646  0.037
  72 F C   0.948  0.020  0.032
  73 P C   0.941  0.033  0.026
  74 R H   0.448  0.551  0.001
  75 E H   0.454  0.546  0.000
  76 D H   0.434  0.565  0.000
  77 L H   0.166  0.832  0.002
  78 D H   0.151  0.844  0.006
  79 M H   0.098  0.887  0.015
  80 I H   0.130  0.846  0.024
  81 L H   0.249  0.720  0.031
  82 K C   0.678  0.298  0.025
  83 M C   0.880  0.108  0.012
  84 D C   0.879  0.118  0.003
  85 S C   0.760  0.239  0.001
  86 L H   0.145  0.854  0.001
  87 Q H   0.117  0.882  0.001
  88 D H   0.109  0.890  0.001
  89 I H   0.051  0.948  0.001
  90 K H   0.036  0.963  0.002
  91 A H   0.048  0.949  0.002
  92 L H   0.062  0.935  0.003
  93 L H   0.122  0.875  0.003
  94 T H   0.292  0.705  0.003
  95 G C   0.546  0.451  0.004
  96 L C   0.651  0.341  0.008
  97 F C   0.697  0.286  0.016
  98 V C   0.840  0.139  0.020
  99 Q C   0.890  0.092  0.018
 100 D C   0.929  0.061  0.011
 101 N C   0.938  0.057  0.005
 102 V C   0.958  0.034  0.008
 103 N C   0.972  0.022  0.006
 104 K C   0.841  0.155  0.004
 105 D C   0.848  0.149  0.003
 106 A C   0.818  0.179  0.004
 107 V C   0.791  0.200  0.010
 108 T C   0.760  0.227  0.013
 109 D C   0.772  0.214  0.014
 110 R C   0.752  0.229  0.019
 111 L C   0.743  0.229  0.028
 112 A C   0.751  0.212  0.036
 113 S C   0.812  0.148  0.040
 114 V C   0.870  0.083  0.047
 115 E C   0.893  0.063  0.044
 116 T C   0.930  0.045  0.024
 117 D C   0.949  0.040  0.011
 118 M C   0.956  0.035  0.009
 119 P C   0.938  0.053  0.009
 120 L C   0.849  0.121  0.030
 121 T C   0.823  0.129  0.048
 122 L C   0.780  0.167  0.053
 123 R C   0.793  0.158  0.049
 124 Q C   0.800  0.156  0.044
 125 H C   0.834  0.123  0.042
 126 R C   0.843  0.092  0.064
 127 I C   0.880  0.078  0.042
 128 S C   0.912  0.061  0.027
 129 A C   0.946  0.036  0.018
 130 T C   0.970  0.018  0.012
 131 S C   0.977  0.012  0.011
 132 S C   0.984  0.009  0.007
 133 S C   0.971  0.024  0.005
 134 E C   0.929  0.064  0.007
 135 E C   0.919  0.074  0.007
 136 S C   0.923  0.073  0.004
 137 S C   0.945  0.053  0.002
 138 N C   0.953  0.046  0.001
 139 K C   0.945  0.054  0.002
 140 G C   0.954  0.041  0.005
 141 Q C   0.945  0.038  0.017
 142 R C   0.938  0.035  0.027
 143 Q C   0.934  0.023  0.043
 144 L C   0.919  0.021  0.059
 145 T C   0.917  0.011  0.072
 146 V C   0.922  0.005  0.073
 147 S C   0.981  0.001  0.019
 148 P C   0.985  0.007  0.008
 149 E C   0.986  0.007  0.006
 150 F C   0.991  0.006  0.003
 151 P C   0.985  0.014  0.001
 152 N C   0.977  0.022  0.001
 153 K C   0.973  0.025  0.003
 154 R C   0.976  0.019  0.005
 155 R C   0.993  0.002  0.005
 156 G C   0.994  0.000  0.005
 157 K C   0.991  0.000  0.008
 158 P C   0.995  0.000  0.005
 159 G C   0.999  0.000  0.000
 160 P C   0.995  0.004  0.000
 161 D C   0.993  0.007  0.000
 162 S C   0.976  0.022  0.002
 163 A C   0.953  0.043  0.005
 164 T C   0.936  0.054  0.011
 165 S C   0.910  0.073  0.017
 166 L C   0.857  0.120  0.023
 167 F C   0.844  0.109  0.047
 168 E C   0.906  0.048  0.046
 169 L C   0.992  0.001  0.006
 170 P C   0.993  0.005  0.002
 171 D C   0.960  0.039  0.001
 172 S C   0.953  0.038  0.009
 173 V C   0.956  0.027  0.017
 174 I C   0.977  0.001  0.023
 175 P C   0.989  0.000  0.011
 176 T C   0.998  0.000  0.002
 177 P C   0.999  0.000  0.001
 178 K C   1.000  0.000  0.000
 179 P C   1.000  0.000  0.000
 180 K C   0.999  0.000  0.001
 181 P C   0.999  0.000  0.001
 182 K C   1.000  0.000  0.000
 183 P C   0.990  0.010  0.000
 184 K C   0.982  0.016  0.002
 185 Q C   0.984  0.013  0.003
 186 Y C   0.997  0.001  0.002
 187 P C   0.998  0.001  0.002
 188 K C   0.926  0.003  0.071
 189 V C   0.847  0.003  0.150
 190 I C   0.838  0.002  0.160
 191 L C   0.950  0.000  0.050
 192 P C   0.986  0.001  0.013
 193 S C   0.994  0.004  0.002
 194 N C   0.990  0.008  0.002
 195 S C   0.984  0.010  0.006
 196 T C   0.962  0.005  0.033
 197 R C   0.937  0.003  0.060
 198 R C   0.923  0.001  0.076
 199 V C   0.915  0.001  0.084
 200 S C   0.951  0.001  0.048
 201 P C   0.978  0.007  0.016
 202 V C   0.971  0.007  0.021
 203 T C   0.950  0.008  0.042
 204 A C   0.954  0.011  0.035
 205 K C   0.961  0.008  0.031
 206 T C   0.971  0.005  0.024
 207 S C   0.976  0.003  0.021
 208 S C   0.978  0.004  0.018
 209 S C   0.983  0.007  0.011
 210 A C   0.971  0.012  0.017
 211 E C   0.960  0.013  0.026
 212 G C   0.947  0.009  0.044
 213 V C   0.866  0.007  0.128
 214 V C   0.822  0.007  0.171
 215 V C   0.816  0.008  0.176
 216 A C   0.902  0.008  0.091
 217 S C   0.943  0.005  0.052
 218 E C   0.979  0.003  0.019
 219 S C   0.992  0.000  0.007
 220 P C   0.992  0.002  0.007
 221 V C   0.929  0.002  0.069
 222 I C   0.928  0.002  0.071
 223 A C   0.976  0.002  0.023
 224 P C   0.994  0.002  0.004
 225 H C   0.997  0.002  0.001
 226 G C   0.995  0.003  0.002
 227 S C   0.989  0.007  0.004
 228 S C   0.976  0.016  0.008
 229 H C   0.974  0.018  0.008
 230 S C   0.971  0.018  0.011
 231 R C   0.962  0.021  0.016
 232 S C   0.961  0.023  0.016
 233 L C   0.957  0.030  0.013
 234 S C   0.961  0.026  0.012
 235 K C   0.963  0.020  0.018
 236 R C   0.965  0.014  0.021
 237 R C   0.964  0.015  0.020
 238 S C   0.975  0.012  0.013
 239 S C   0.982  0.008  0.010
 240 G C   0.983  0.005  0.012
 241 A C   0.976  0.005  0.018
 242 L C   0.965  0.005  0.030
 243 V C   0.971  0.004  0.025
 244 D C   0.988  0.004  0.008
 245 D C   0.966  0.033  0.001
 246 D C   0.932  0.067  0.001
 247 E C   0.931  0.067  0.002
 248 H C   0.934  0.061  0.004
 249 R C   0.922  0.069  0.010
 250 E C   0.936  0.054  0.011
 251 H C   0.916  0.074  0.010
 252 E C   0.886  0.107  0.007
 253 D C   0.874  0.120  0.007
 254 A C   0.876  0.114  0.009
 255 I C   0.880  0.107  0.013
 256 D C   0.925  0.067  0.008
 257 G C   0.948  0.048  0.005
 258 G C   0.943  0.050  0.007
 259 A C   0.906  0.078  0.016
 260 S C   0.873  0.073  0.054
 261 L C   0.811  0.119  0.070
 262 N C   0.766  0.134  0.100
 263 M C   0.728  0.161  0.111
 264 H C   0.719  0.146  0.135
 265 L C   0.721  0.136  0.143
 266 Y C   0.796  0.082  0.122
 267 N C   0.825  0.062  0.112
 268 I C   0.891  0.081  0.028
 269 N C   0.888  0.097  0.016
 270 D C   0.858  0.133  0.009
 271 T C   0.875  0.111  0.014
 272 L C   0.884  0.093  0.023
 273 N C   0.943  0.038  0.019
 274 G C   0.948  0.026  0.025
 275 V C   0.915  0.025  0.060
 276 S C   0.927  0.023  0.050
 277 T C   0.961  0.021  0.018
 278 D C   0.975  0.018  0.008
 279 N C   0.981  0.017  0.003
 280 G C   0.969  0.022  0.009
 281 H C   0.938  0.024  0.038
 282 F C   0.893  0.047  0.060
 283 D C   0.882  0.055  0.062
 284 M C   0.833  0.074  0.093
 285 V C   0.819  0.065  0.116
 286 D C   0.767  0.079  0.154
 287 L C   0.814  0.049  0.137
 288 H C   0.859  0.029  0.112
 289 F C   0.895  0.012  0.092
 290 G C   0.959  0.008  0.034
 291 P C   0.974  0.012  0.015
 292 T C   0.907  0.012  0.081
 293 L C   0.897  0.008  0.095
 294 T C   0.923  0.004  0.073
 295 T C   0.973  0.005  0.023
 296 D C   0.992  0.006  0.002
 297 D C   0.994  0.005  0.000
 298 D C   0.996  0.004  0.000
 299 P C   0.787  0.213  0.000
 300 T C   0.774  0.223  0.003
 301 K C   0.709  0.281  0.010
 302 M C   0.699  0.273  0.028
 303 A C   0.672  0.281  0.047
 304 E C   0.691  0.258  0.051
 305 L C   0.781  0.173  0.046
 306 Q C   0.840  0.114  0.046
 307 H C   0.876  0.078  0.047
 308 T C   0.869  0.055  0.076
 309 T C   0.794  0.055  0.151
 310 I C   0.789  0.048  0.163
 311 H C   0.844  0.037  0.119
 312 H C   0.894  0.030  0.077
 313 G C   0.926  0.014  0.060
 314 H C   0.855  0.012  0.133
 315 L C   0.856  0.015  0.130
 316 D C   0.917  0.013  0.070
 317 V C   0.959  0.013  0.029
 318 N C   0.987  0.007  0.006
 319 G C   0.994  0.005  0.002
 320 N C   0.986  0.006  0.008
 321 R C   0.968  0.014  0.018
 322 S C   0.955  0.035  0.010
 323 D C   0.950  0.042  0.008
 324 S C   0.950  0.040  0.011
 325 L C   0.962  0.023  0.015
 326 F C   0.978  0.003  0.019
 327 S C   0.994  0.002  0.005
 328 P C   0.967  0.028  0.005
