# PSIPRED VFORMAT (S4PRED V1.2.4)

   1 M C   1.000  0.000  0.000
   2 K C   0.964  0.033  0.004
   3 L C   0.845  0.145  0.010
   4 L C   0.830  0.161  0.009
   5 S C   0.740  0.256  0.005
   6 S C   0.626  0.371  0.003
   7 I H   0.215  0.783  0.002
   8 E H   0.252  0.745  0.003
   9 Q H   0.266  0.729  0.004
  10 A H   0.259  0.739  0.002
  11 C H   0.358  0.641  0.001
  12 D H   0.184  0.815  0.001
  13 I H   0.126  0.872  0.001
  14 C H   0.195  0.802  0.002
  15 R H   0.275  0.722  0.003
  16 L H   0.352  0.643  0.005
  17 K C   0.607  0.387  0.006
  18 K C   0.774  0.219  0.007
  19 L C   0.908  0.085  0.007
  20 K C   0.869  0.098  0.033
  21 C C   0.914  0.056  0.030
  22 S C   0.932  0.054  0.014
  23 K C   0.951  0.038  0.011
  24 E C   0.964  0.027  0.009
  25 K C   0.977  0.018  0.005
  26 P C   0.929  0.063  0.008
  27 K C   0.882  0.098  0.020
  28 C C   0.748  0.217  0.035
  29 A H   0.340  0.638  0.022
  30 K H   0.239  0.737  0.024
  31 C H   0.232  0.748  0.020
  32 L H   0.305  0.687  0.008
  33 K H   0.375  0.619  0.006
  34 N C   0.709  0.283  0.008
  35 N C   0.849  0.122  0.029
  36 W C   0.687  0.133  0.179
  37 E C   0.440  0.142  0.418
  38 C C   0.491  0.121  0.388
  39 R C   0.598  0.089  0.313
  40 Y C   0.744  0.027  0.228
  41 S C   0.958  0.002  0.039
  42 P C   0.927  0.060  0.013
  43 K C   0.913  0.082  0.005
  44 T C   0.915  0.073  0.011
  45 K C   0.922  0.050  0.028
  46 R C   0.945  0.010  0.045
  47 S C   0.947  0.005  0.048
  48 P C   0.886  0.079  0.034
  49 L C   0.900  0.082  0.018
  50 T C   0.856  0.130  0.015
  51 R H   0.089  0.906  0.005
  52 A H   0.077  0.919  0.004
  53 H H   0.099  0.897  0.004
  54 L H   0.052  0.946  0.003
  55 T H   0.052  0.946  0.002
  56 E H   0.042  0.955  0.002
  57 V H   0.032  0.967  0.002
  58 E H   0.029  0.970  0.001
  59 S H   0.041  0.958  0.001
  60 R H   0.022  0.978  0.000
  61 L H   0.022  0.978  0.000
  62 E H   0.024  0.976  0.000
  63 R H   0.027  0.973  0.000
  64 L H   0.030  0.970  0.000
  65 E H   0.027  0.973  0.000
  66 Q H   0.039  0.959  0.001
  67 L H   0.063  0.934  0.003
  68 F H   0.089  0.901  0.010
  69 L H   0.171  0.813  0.016
  70 L H   0.198  0.774  0.028
  71 I H   0.297  0.670  0.033
  72 F C   0.949  0.021  0.030
  73 P C   0.941  0.033  0.026
  74 R H   0.446  0.553  0.001
  75 E H   0.453  0.547  0.000
  76 D H   0.436  0.563  0.000
  77 L H   0.156  0.842  0.002
  78 D H   0.141  0.854  0.005
  79 M H   0.090  0.896  0.014
  80 I H   0.120  0.859  0.021
  81 L H   0.231  0.741  0.028
  82 K C   0.664  0.313  0.023
  83 M C   0.876  0.113  0.011
  84 D C   0.868  0.130  0.002
  85 S C   0.746  0.253  0.001
  86 L H   0.145  0.855  0.000
  87 Q H   0.116  0.884  0.000
  88 D H   0.108  0.891  0.000
  89 I H   0.050  0.949  0.001
  90 K H   0.035  0.964  0.001
  91 A H   0.045  0.953  0.002
  92 L H   0.057  0.940  0.003
  93 L H   0.116  0.881  0.003
  94 T H   0.279  0.718  0.003
  95 G C   0.532  0.464  0.003
  96 L C   0.638  0.355  0.007
  97 F C   0.681  0.304  0.015
  98 V C   0.832  0.150  0.019
  99 Q C   0.885  0.098  0.017
 100 D C   0.927  0.064  0.009
 101 N C   0.937  0.059  0.005
 102 V C   0.958  0.035  0.007
 103 N C   0.972  0.023  0.005
 104 K C   0.841  0.155  0.004
 105 D C   0.844  0.153  0.003
 106 A C   0.808  0.188  0.004
 107 V C   0.777  0.214  0.009
 108 T C   0.748  0.240  0.012
 109 D C   0.762  0.225  0.013
 110 R C   0.741  0.241  0.018
 111 L C   0.727  0.245  0.027
 112 A C   0.737  0.228  0.036
 113 S C   0.803  0.156  0.040
 114 V C   0.865  0.089  0.046
 115 E C   0.889  0.068  0.043
 116 T C   0.929  0.047  0.023
 117 D C   0.947  0.042  0.011
 118 M C   0.955  0.037  0.009
 119 P C   0.934  0.057  0.009
 120 L C   0.837  0.131  0.032
 121 T C   0.808  0.141  0.051
 122 L C   0.756  0.187  0.057
 123 R C   0.771  0.177  0.053
 124 Q C   0.782  0.170  0.048
 125 H C   0.823  0.134  0.043
 126 R C   0.831  0.103  0.067
 127 I C   0.871  0.086  0.043
 128 S C   0.905  0.067  0.028
 129 A C   0.943  0.040  0.018
 130 T C   0.967  0.020  0.013
 131 S C   0.976  0.014  0.011
 132 S C   0.982  0.011  0.007
 133 S C   0.966  0.029  0.005
 134 E C   0.915  0.078  0.007
 135 E C   0.902  0.091  0.006
 136 S C   0.906  0.091  0.003
 137 S C   0.934  0.064  0.002
 138 N C   0.943  0.056  0.001
 139 K C   0.928  0.069  0.002
 140 G C   0.939  0.054  0.007
 141 Q C   0.929  0.050  0.021
 142 R C   0.912  0.051  0.037
 143 Q C   0.902  0.038  0.060
 144 L C   0.881  0.036  0.083
 145 T C   0.885  0.020  0.095
 146 V C   0.907  0.010  0.083
 147 S C   0.981  0.003  0.016
 148 P C   0.969  0.026  0.005
 149 E C   0.962  0.032  0.005
 150 F C   0.940  0.056  0.004
 151 P C   0.825  0.171  0.004
 152 S C   0.728  0.223  0.048
 153 L C   0.676  0.226  0.098
 154 I C   0.704  0.170  0.126
 155 L C   0.772  0.119  0.109
 156 D C   0.880  0.059  0.061
 157 Y C   0.890  0.077  0.033
 158 K C   0.905  0.079  0.016
 159 S C   0.928  0.065  0.007
 160 S C   0.912  0.085  0.003
 161 N C   0.934  0.062  0.005
 162 E C   0.940  0.047  0.013
 163 I C   0.939  0.036  0.025
 164 L C   0.943  0.039  0.018
 165 P C   0.949  0.044  0.007
 166 T C   0.949  0.034  0.017
 167 I C   0.935  0.045  0.021
 168 N C   0.949  0.035  0.016
 169 T C   0.959  0.025  0.016
 170 A C   0.970  0.013  0.017
 171 I C   0.987  0.004  0.010
 172 P C   0.984  0.007  0.008
 173 T C   0.971  0.021  0.008
 174 A C   0.967  0.023  0.010
 175 A C   0.970  0.020  0.010
 176 V C   0.991  0.003  0.006
 177 P C   0.987  0.010  0.003
 178 Q C   0.961  0.037  0.002
 179 Q C   0.959  0.037  0.003
 180 N C   0.954  0.041  0.005
 181 I C   0.991  0.002  0.006
 182 A C   0.995  0.001  0.004
 183 P C   0.993  0.007  0.001
 184 P C   0.981  0.019  0.001
 185 F C   0.963  0.020  0.017
 186 L C   0.958  0.018  0.024
 187 N C   0.975  0.009  0.016
 188 T C   0.987  0.005  0.008
 189 N C   0.993  0.003  0.004
 190 S C   0.991  0.005  0.004
 191 S C   0.988  0.007  0.005
 192 A C   0.985  0.010  0.005
 193 T C   0.988  0.007  0.005
 194 D C   0.991  0.006  0.003
 195 S C   0.997  0.002  0.001
 196 N C   1.000  0.000  0.000
 197 P C   0.995  0.005  0.000
 198 N C   0.996  0.004  0.000
 199 T C   0.992  0.007  0.001
 200 N C   0.982  0.015  0.002
 201 L C   0.838  0.159  0.003
 202 E C   0.835  0.160  0.005
 203 D C   0.846  0.147  0.007
 204 S C   0.869  0.111  0.020
 205 L C   0.858  0.090  0.052
 206 F C   0.880  0.057  0.063
 207 F C   0.924  0.024  0.051
 208 D C   0.966  0.013  0.020
 209 H C   0.867  0.119  0.014
 210 D C   0.885  0.103  0.012
 211 L C   0.881  0.105  0.013
 212 L C   0.900  0.085  0.015
 213 S C   0.919  0.063  0.018
 214 S C   0.944  0.037  0.019
 215 S C   0.936  0.041  0.024
 216 I C   0.922  0.042  0.036
 217 T C   0.933  0.033  0.035
 218 N C   0.955  0.021  0.024
 219 T C   0.982  0.013  0.005
 220 N C   0.987  0.010  0.002
 221 N C   0.994  0.005  0.001
 222 G C   0.996  0.003  0.001
 223 Q C   0.994  0.003  0.002
 224 G C   0.991  0.006  0.003
 225 S C   0.991  0.006  0.003
 226 N C   0.986  0.010  0.004
 227 N C   0.984  0.013  0.002
 228 G C   0.980  0.016  0.004
 229 R C   0.963  0.016  0.020
 230 Q C   0.956  0.019  0.025
 231 A C   0.968  0.017  0.015
 232 S C   0.976  0.016  0.007
 233 K C   0.904  0.093  0.003
 234 D C   0.908  0.091  0.001
 235 D C   0.913  0.086  0.001
 236 T C   0.901  0.087  0.012
 237 L C   0.841  0.122  0.037
 238 N C   0.860  0.104  0.036
 239 L C   0.865  0.112  0.023
 240 L C   0.859  0.121  0.020
 241 D C   0.848  0.131  0.022
 242 T C   0.865  0.117  0.018
 243 T C   0.878  0.101  0.021
 244 V C   0.904  0.081  0.015
 245 N C   0.937  0.058  0.005
 246 S C   0.965  0.035  0.001
 247 N C   0.975  0.025  0.000
 248 N C   0.974  0.025  0.000
 249 N C   0.975  0.025  0.000
 250 H C   0.973  0.026  0.001
 251 N C   0.976  0.023  0.001
 252 A C   0.974  0.026  0.001
 253 N C   0.970  0.030  0.000
 254 N C   0.933  0.067  0.000
 255 E C   0.898  0.101  0.001
 256 E C   0.895  0.104  0.002
 257 N C   0.906  0.092  0.002
 258 H C   0.886  0.110  0.004
 259 L C   0.848  0.146  0.006
 260 A C   0.829  0.164  0.007
 261 Q C   0.782  0.210  0.009
 262 E C   0.793  0.200  0.007
 263 H C   0.828  0.166  0.006
 264 L C   0.874  0.121  0.004
 265 S C   0.919  0.079  0.001
 266 N C   0.954  0.045  0.001
 267 D C   0.935  0.064  0.001
 268 A C   0.891  0.106  0.004
 269 D C   0.866  0.121  0.014
 270 I C   0.869  0.104  0.028
 271 V C   0.889  0.082  0.029
 272 A C   0.932  0.051  0.017
 273 N C   0.995  0.002  0.002
 274 P C   0.969  0.030  0.001
 275 N C   0.957  0.043  0.000
 276 D C   0.923  0.076  0.000
 277 H C   0.907  0.084  0.008
 278 L C   0.872  0.104  0.024
 279 L C   0.889  0.083  0.029
 280 S C   0.953  0.025  0.022
 281 L C   0.993  0.001  0.005
 282 P C   0.994  0.002  0.004
 283 T C   0.994  0.005  0.001
 284 D C   0.975  0.024  0.001
 285 S C   0.974  0.024  0.002
 286 E C   0.978  0.019  0.003
 287 L C   0.996  0.003  0.001
 288 P C   0.995  0.004  0.000
 289 N C   0.998  0.002  0.000
 290 T C   0.984  0.016  0.000
 291 P C   0.856  0.144  0.000
 292 D C   0.778  0.221  0.001
 293 F C   0.647  0.350  0.003
 294 L C   0.670  0.325  0.004
 295 K C   0.749  0.247  0.004
 296 N C   0.861  0.137  0.002
 297 T C   0.836  0.163  0.001
 298 N C   0.847  0.151  0.002
 299 E C   0.855  0.142  0.003
 300 L C   0.913  0.084  0.003
 301 T C   0.939  0.058  0.003
 302 D C   0.907  0.090  0.003
 303 E C   0.905  0.091  0.004
 304 H C   0.924  0.068  0.007
 305 R C   0.961  0.031  0.008
 306 W C   0.995  0.003  0.003
 307 I C   0.996  0.002  0.001
