# PSIPRED VFORMAT (S4PRED V1.2.4)

   1 M C   1.000  0.000  0.000
   2 G C   1.000  0.000  0.000
   3 H C   0.996  0.003  0.001
   4 T C   0.988  0.009  0.003
   5 T C   0.939  0.057  0.004
   6 S C   0.720  0.271  0.009
   7 E C   0.729  0.252  0.019
   8 E C   0.690  0.246  0.064
   9 I C   0.645  0.227  0.128
  10 H C   0.632  0.230  0.138
  11 V C   0.626  0.264  0.110
  12 F C   0.690  0.233  0.077
  13 M C   0.679  0.287  0.034
  14 D C   0.709  0.273  0.018
  15 E C   0.777  0.209  0.014
  16 L C   0.895  0.097  0.009
  17 E C   0.967  0.020  0.013
  18 P C   0.959  0.030  0.011
  19 K C   0.918  0.074  0.007
  20 S C   0.865  0.118  0.017
  21 S C   0.788  0.175  0.036
  22 I H   0.388  0.574  0.038
  23 L H   0.433  0.522  0.045
  24 D H   0.456  0.509  0.034
  25 K C   0.521  0.443  0.036
  26 V C   0.571  0.396  0.032
  27 G C   0.655  0.332  0.013
  28 D C   0.642  0.336  0.022
  29 F C   0.497  0.325  0.178
  30 I C   0.459  0.281  0.260
  31 T C   0.503  0.241  0.256
  32 V C   0.621  0.191  0.187
  33 N C   0.783  0.133  0.083
  34 T C   0.867  0.102  0.031
  35 K C   0.886  0.092  0.022
  36 R C   0.894  0.083  0.024
  37 H C   0.865  0.117  0.018
  38 D C   0.883  0.106  0.011
  39 E C   0.854  0.139  0.007
  40 R C   0.879  0.113  0.008
  41 E C   0.834  0.156  0.009
  42 D C   0.807  0.183  0.009
  43 L C   0.822  0.170  0.009
  44 Y C   0.872  0.120  0.008
  45 D C   0.897  0.099  0.005
  46 Q C   0.770  0.229  0.002
  47 N C   0.753  0.246  0.001
  48 D C   0.702  0.296  0.002
  49 I C   0.597  0.389  0.014
  50 I C   0.601  0.380  0.019
  51 N C   0.640  0.346  0.014
  52 S C   0.708  0.286  0.006
  53 L C   0.795  0.200  0.005
  54 N C   0.858  0.137  0.005
  55 N C   0.935  0.063  0.002
  56 R C   0.973  0.025  0.002
  57 S C   0.985  0.014  0.001
  58 G C   0.990  0.009  0.001
  59 N C   0.993  0.007  0.001
  60 E C   0.992  0.007  0.001
  61 N C   0.993  0.006  0.001
  62 E C   0.992  0.007  0.001
  63 N C   0.992  0.007  0.001
  64 D C   0.979  0.021  0.000
  65 G C   0.955  0.044  0.001
  66 E C   0.937  0.061  0.002
  67 Q C   0.927  0.067  0.007
  68 D C   0.904  0.085  0.012
  69 E C   0.767  0.194  0.040
  70 L C   0.674  0.269  0.057
  71 A C   0.629  0.328  0.043
  72 L H   0.443  0.537  0.021
  73 D C   0.499  0.494  0.007
  74 D H   0.449  0.548  0.003
  75 L H   0.392  0.607  0.002
  76 D H   0.378  0.619  0.002
  77 R H   0.347  0.647  0.006
  78 A H   0.346  0.636  0.018
  79 F H   0.280  0.663  0.056
  80 E H   0.348  0.579  0.073
  81 L H   0.436  0.477  0.088
  82 V C   0.535  0.403  0.062
  83 E C   0.671  0.293  0.036
  84 G C   0.860  0.125  0.014
  85 M C   0.930  0.054  0.017
  86 D C   0.937  0.039  0.024
  87 M C   0.741  0.220  0.039
  88 D C   0.689  0.251  0.060
  89 W C   0.603  0.298  0.099
  90 M C   0.644  0.260  0.095
  91 I C   0.700  0.218  0.082
  92 S C   0.820  0.130  0.050
  93 S C   0.895  0.074  0.031
  94 H C   0.909  0.063  0.028
  95 A C   0.923  0.048  0.029
  96 H C   0.936  0.031  0.032
  97 H C   0.962  0.012  0.026
  98 S C   0.992  0.001  0.007
  99 P C   0.979  0.018  0.002
 100 A C   0.976  0.021  0.002
 101 N C   0.969  0.023  0.008
 102 T C   0.959  0.019  0.022
 103 T C   0.949  0.013  0.038
 104 T C   0.933  0.007  0.060
 105 I C   0.930  0.004  0.066
 106 K C   0.956  0.007  0.037
 107 P C   0.920  0.051  0.029
 108 R C   0.779  0.075  0.146
 109 L C   0.715  0.081  0.204
 110 L C   0.754  0.046  0.200
 111 Y C   0.844  0.012  0.144
 112 S C   0.955  0.009  0.036
 113 P C   0.964  0.021  0.015
 114 L C   0.941  0.026  0.033
 115 I C   0.899  0.032  0.069
 116 H C   0.907  0.027  0.066
 117 T C   0.923  0.020  0.056
 118 Q C   0.938  0.018  0.044
 119 N C   0.950  0.017  0.033
 120 A C   0.950  0.007  0.043
 121 M C   0.929  0.001  0.070
 122 P C   0.916  0.002  0.082
 123 V C   0.889  0.005  0.106
 124 T C   0.863  0.005  0.132
 125 I C   0.865  0.003  0.132
 126 S C   0.985  0.001  0.014
 127 P C   0.871  0.125  0.004
 128 N C   0.876  0.113  0.011
 129 L C   0.794  0.152  0.054
 130 V C   0.777  0.141  0.082
 131 A C   0.823  0.106  0.072
 132 A C   0.855  0.086  0.059
 133 A C   0.899  0.058  0.043
 134 T C   0.922  0.037  0.041
 135 S C   0.930  0.029  0.041
 136 T C   0.907  0.026  0.067
 137 V C   0.883  0.029  0.088
 138 S C   0.900  0.028  0.072
 139 T C   0.897  0.034  0.069
 140 S C   0.888  0.039  0.073
 141 I C   0.879  0.059  0.062
 142 S C   0.897  0.057  0.046
 143 A C   0.913  0.066  0.021
 144 N C   0.929  0.059  0.012
 145 K C   0.904  0.071  0.025
 146 V C   0.910  0.060  0.030
 147 T C   0.933  0.037  0.029
 148 K C   0.963  0.015  0.021
 149 N C   0.980  0.007  0.013
 150 K C   0.974  0.011  0.015
 151 S C   0.977  0.011  0.012
 152 S C   0.982  0.008  0.010
 153 S C   0.991  0.002  0.007
 154 S C   0.988  0.008  0.004
 155 P C   0.947  0.050  0.003
 156 Y C   0.933  0.056  0.012
 157 L C   0.888  0.095  0.017
 158 N C   0.893  0.091  0.017
 159 K C   0.917  0.068  0.014
 160 R C   0.939  0.048  0.013
 161 R C   0.974  0.016  0.010
 162 G C   0.986  0.005  0.009
 163 K C   0.985  0.002  0.013
 164 S C   0.991  0.001  0.008
 165 G C   0.997  0.002  0.001
 166 P C   0.991  0.008  0.000
 167 D C   0.988  0.012  0.000
 168 S C   0.959  0.038  0.003
 169 A C   0.928  0.064  0.008
 170 T C   0.903  0.079  0.018
 171 S C   0.862  0.108  0.031
 172 L C   0.804  0.159  0.038
 173 F C   0.781  0.145  0.074
 174 E C   0.851  0.070  0.079
 175 L C   0.989  0.002  0.009
 176 P C   0.990  0.008  0.003
 177 D C   0.950  0.049  0.001
 178 S C   0.932  0.050  0.018
 179 V C   0.925  0.040  0.035
 180 I C   0.950  0.001  0.050
 181 P C   0.971  0.000  0.029
 182 T C   0.992  0.000  0.007
 183 P C   0.996  0.000  0.004
 184 K C   0.999  0.000  0.001
 185 P C   0.993  0.006  0.001
 186 K C   0.979  0.019  0.001
 187 S C   0.973  0.025  0.002
 188 K C   0.973  0.022  0.005
 189 Q C   0.985  0.009  0.006
 190 Y C   0.994  0.001  0.005
 191 P C   0.996  0.001  0.003
 192 K C   0.861  0.004  0.136
 193 V C   0.724  0.005  0.271
 194 I C   0.718  0.003  0.278
 195 L C   0.920  0.001  0.079
 196 P C   0.976  0.002  0.022
 197 S C   0.990  0.006  0.004
 198 N C   0.980  0.017  0.003
 199 S C   0.967  0.023  0.010
 200 T C   0.930  0.013  0.057
 201 R C   0.880  0.007  0.113
 202 R C   0.878  0.004  0.118
 203 L C   0.901  0.001  0.097
 204 S C   0.974  0.000  0.026
 205 P C   0.980  0.012  0.008
 206 S C   0.977  0.013  0.010
 207 T C   0.965  0.015  0.020
 208 T C   0.954  0.008  0.037
 209 K C   0.949  0.005  0.046
 210 T C   0.947  0.004  0.050
 211 N C   0.941  0.003  0.056
 212 S C   0.968  0.004  0.027
 213 S C   0.967  0.008  0.024
 214 E C   0.962  0.009  0.029
 215 G C   0.950  0.005  0.045
 216 V C   0.811  0.004  0.185
 217 V C   0.692  0.004  0.304
 218 V C   0.689  0.005  0.307
 219 A C   0.802  0.006  0.192
 220 S C   0.868  0.005  0.127
 221 E C   0.947  0.002  0.050
 222 S C   0.981  0.000  0.018
 223 P C   0.984  0.002  0.014
 224 V C   0.879  0.002  0.120
 225 I C   0.889  0.002  0.109
 226 A C   0.955  0.001  0.044
 227 P C   0.986  0.002  0.012
 228 H C   0.994  0.002  0.004
 229 G C   0.991  0.003  0.007
 230 S C   0.988  0.004  0.008
 231 S C   0.980  0.009  0.011
 232 N C   0.978  0.012  0.009
 233 S C   0.966  0.021  0.013
 234 R C   0.944  0.034  0.022
 235 S C   0.937  0.039  0.024
 236 L C   0.954  0.024  0.021
 237 G C   0.966  0.013  0.021
 238 R C   0.949  0.009  0.042
 239 R C   0.929  0.011  0.060
 240 R C   0.939  0.014  0.046
 241 S C   0.951  0.014  0.035
 242 S C   0.955  0.010  0.035
 243 G C   0.939  0.005  0.055
 244 V C   0.876  0.005  0.120
 245 L C   0.847  0.004  0.148
 246 V C   0.886  0.009  0.105
 247 D C   0.957  0.017  0.027
 248 D C   0.927  0.070  0.003
 249 D C   0.877  0.121  0.002
 250 K C   0.775  0.222  0.003
 251 R C   0.699  0.296  0.005
 252 E C   0.623  0.361  0.015
 253 S C   0.540  0.449  0.011
 254 H H   0.365  0.630  0.005
 255 K H   0.325  0.671  0.003
 256 Y H   0.233  0.765  0.002
 257 A H   0.199  0.800  0.001
 258 E H   0.149  0.851  0.000
 259 Q H   0.045  0.955  0.000
 260 A H   0.054  0.946  0.000
 261 R H   0.074  0.926  0.000
 262 R H   0.094  0.905  0.000
 263 N H   0.180  0.819  0.000
 264 R H   0.097  0.903  0.000
 265 L H   0.035  0.963  0.002
 266 A H   0.027  0.970  0.003
 267 V H   0.023  0.974  0.003
 268 A H   0.024  0.974  0.002
 269 L H   0.011  0.988  0.001
 270 H H   0.015  0.984  0.000
 271 E H   0.024  0.976  0.000
 272 L H   0.024  0.976  0.000
 273 A H   0.042  0.958  0.000
 274 S H   0.212  0.787  0.001
 275 L C   0.563  0.436  0.001
 276 I C   0.958  0.042  0.001
 277 P C   0.882  0.118  0.001
 278 A H   0.173  0.826  0.001
 279 E H   0.153  0.844  0.003
 280 W H   0.117  0.879  0.003
 281 K H   0.232  0.763  0.006
 282 Q H   0.420  0.575  0.006
 283 Q C   0.786  0.209  0.005
 284 N C   0.871  0.120  0.009
 285 V C   0.882  0.101  0.016
 286 S C   0.895  0.084  0.021
 287 A C   0.918  0.066  0.017
 288 A C   0.969  0.027  0.004
 289 P C   0.900  0.098  0.002
 290 S C   0.877  0.120  0.002
 291 K C   0.607  0.385  0.008
 292 A C   0.609  0.379  0.012
 293 T H   0.488  0.494  0.018
 294 T H   0.324  0.666  0.009
 295 V H   0.045  0.951  0.004
 296 E H   0.034  0.963  0.002
 297 A H   0.029  0.969  0.003
 298 A H   0.031  0.967  0.002
 299 C H   0.038  0.961  0.001
 300 R H   0.028  0.970  0.002
 301 Y H   0.025  0.972  0.002
 302 I H   0.037  0.961  0.002
 303 R H   0.048  0.950  0.002
 304 H H   0.073  0.925  0.002
 305 L H   0.130  0.869  0.001
 306 Q H   0.179  0.819  0.001
 307 R H   0.246  0.754  0.001
 308 N C   0.783  0.217  0.000
 309 G C   0.994  0.006  0.000
 310 S C   0.999  0.001  0.000
 311 T C   0.999  0.001  0.000
 312 * C   0.996  0.004  0.000
