# PSIPRED VFORMAT (S4PRED V1.2.4)

   1 M C   1.000  0.000  0.000
   2 G C   1.000  0.000  0.000
   3 R C   0.995  0.003  0.002
   4 T C   0.987  0.006  0.007
   5 T C   0.959  0.036  0.005
   6 S C   0.931  0.066  0.003
   7 E C   0.938  0.060  0.002
   8 G C   0.937  0.060  0.003
   9 I C   0.921  0.070  0.009
  10 H C   0.909  0.077  0.014
  11 G C   0.895  0.089  0.016
  12 F C   0.891  0.087  0.021
  13 V C   0.873  0.116  0.011
  14 D C   0.882  0.113  0.005
  15 D C   0.912  0.083  0.004
  16 L C   0.969  0.026  0.004
  17 E C   0.985  0.009  0.006
  18 P C   0.970  0.023  0.007
  19 K C   0.946  0.050  0.004
  20 S C   0.918  0.074  0.009
  21 S C   0.864  0.117  0.019
  22 I C   0.515  0.456  0.029
  23 L C   0.536  0.432  0.032
  24 D C   0.571  0.401  0.028
  25 K C   0.643  0.329  0.028
  26 V C   0.682  0.294  0.024
  27 G C   0.745  0.245  0.010
  28 D C   0.728  0.252  0.019
  29 F C   0.593  0.239  0.169
  30 I C   0.561  0.200  0.239
  31 T C   0.611  0.167  0.222
  32 V C   0.698  0.137  0.164
  33 N C   0.821  0.103  0.076
  34 T C   0.887  0.086  0.028
  35 K C   0.891  0.090  0.019
  36 R C   0.889  0.090  0.021
  37 H C   0.883  0.104  0.013
  38 D C   0.897  0.094  0.008
  39 E C   0.878  0.117  0.006
  40 R C   0.893  0.099  0.008
  41 E C   0.864  0.126  0.010
  42 D C   0.870  0.126  0.005
  43 L C   0.898  0.101  0.001
  44 N C   0.943  0.056  0.000
  45 G C   0.947  0.053  0.000
  46 Q C   0.959  0.040  0.001
  47 N C   0.940  0.059  0.002
  48 D C   0.874  0.125  0.001
  49 E C   0.841  0.157  0.002
  50 L C   0.836  0.162  0.002
  51 N C   0.864  0.135  0.001
  52 N C   0.899  0.100  0.001
  53 Q C   0.902  0.096  0.002
  54 E C   0.902  0.096  0.003
  55 N C   0.914  0.085  0.002
  56 R C   0.947  0.052  0.001
  57 N C   0.970  0.029  0.001
  58 G C   0.976  0.024  0.000
  59 S C   0.981  0.018  0.000
  60 E C   0.985  0.015  0.000
  61 N C   0.987  0.013  0.000
  62 G C   0.986  0.014  0.000
  63 N C   0.986  0.013  0.000
  64 E C   0.979  0.021  0.000
  65 N C   0.978  0.022  0.000
  66 E C   0.935  0.064  0.001
  67 N C   0.899  0.100  0.001
  68 E C   0.856  0.143  0.002
  69 Q C   0.848  0.148  0.004
  70 D C   0.864  0.130  0.007
  71 S C   0.849  0.129  0.022
  72 L C   0.768  0.191  0.041
  73 A C   0.742  0.221  0.038
  74 L C   0.590  0.388  0.023
  75 D C   0.616  0.377  0.006
  76 D C   0.546  0.451  0.003
  77 L H   0.483  0.516  0.001
  78 D H   0.458  0.540  0.001
  79 R H   0.422  0.573  0.005
  80 A H   0.412  0.571  0.017
  81 F H   0.330  0.609  0.062
  82 E H   0.399  0.520  0.081
  83 L C   0.491  0.404  0.105
  84 V C   0.568  0.357  0.075
  85 E C   0.704  0.249  0.047
  86 G C   0.893  0.079  0.027
  87 I C   0.926  0.028  0.046
  88 D C   0.923  0.020  0.057
  89 M C   0.825  0.106  0.069
  90 D C   0.780  0.120  0.100
  91 W C   0.771  0.117  0.112
  92 M C   0.851  0.067  0.082
  93 M C   0.970  0.009  0.021
  94 P C   0.966  0.020  0.013
  95 S C   0.973  0.022  0.005
  96 H C   0.951  0.036  0.012
  97 A C   0.947  0.037  0.017
  98 H C   0.963  0.017  0.020
  99 H C   0.983  0.004  0.013
 100 S C   0.996  0.001  0.003
 101 P C   0.971  0.027  0.002
 102 A C   0.970  0.028  0.003
 103 T C   0.955  0.030  0.015
 104 T C   0.936  0.033  0.030
 105 A C   0.937  0.025  0.038
 106 T C   0.925  0.016  0.060
 107 I C   0.934  0.008  0.058
 108 K C   0.973  0.007  0.020
 109 P C   0.925  0.060  0.015
 110 R C   0.791  0.085  0.124
 111 L C   0.731  0.091  0.177
 112 L C   0.766  0.053  0.180
 113 Y C   0.861  0.014  0.125
 114 S C   0.963  0.008  0.029
 115 P C   0.969  0.018  0.013
 116 L C   0.941  0.023  0.036
 117 I C   0.894  0.027  0.080
 118 H C   0.901  0.021  0.078
 119 T C   0.918  0.014  0.068
 120 Q C   0.942  0.013  0.045
 121 N C   0.956  0.012  0.032
 122 A C   0.930  0.004  0.066
 123 V C   0.867  0.001  0.132
 124 P C   0.855  0.002  0.143
 125 V C   0.881  0.004  0.115
 126 T C   0.844  0.004  0.153
 127 I C   0.823  0.002  0.175
 128 S C   0.977  0.001  0.022
 129 P C   0.937  0.056  0.007
 130 N C   0.931  0.052  0.017
 131 L C   0.848  0.060  0.092
 132 V C   0.804  0.032  0.164
 133 A C   0.829  0.020  0.151
 134 T C   0.855  0.012  0.133
 135 T C   0.874  0.007  0.119
 136 T C   0.908  0.005  0.087
 137 S C   0.926  0.005  0.070
 138 T C   0.932  0.005  0.063
 139 T C   0.945  0.005  0.051
 140 S C   0.949  0.004  0.047
 141 T C   0.965  0.004  0.031
 142 S C   0.971  0.004  0.025
 143 S C   0.961  0.013  0.026
 144 T C   0.958  0.020  0.021
 145 S C   0.956  0.024  0.020
 146 A C   0.955  0.028  0.017
 147 N C   0.949  0.033  0.018
 148 K C   0.890  0.065  0.045
 149 V C   0.875  0.070  0.056
 150 T C   0.887  0.058  0.055
 151 K C   0.919  0.047  0.035
 152 N C   0.932  0.048  0.020
 153 K C   0.925  0.051  0.024
 154 M C   0.929  0.048  0.023
 155 N C   0.949  0.035  0.016
 156 S C   0.982  0.007  0.010
 157 S C   0.973  0.021  0.006
 158 P C   0.881  0.114  0.005
 159 Y C   0.871  0.119  0.009
 160 L C   0.811  0.177  0.012
 161 N C   0.835  0.153  0.012
 162 K C   0.877  0.112  0.011
 163 R C   0.921  0.070  0.009
 164 R C   0.967  0.026  0.007
 165 G C   0.978  0.012  0.010
 166 K C   0.978  0.006  0.016
 167 A C   0.987  0.002  0.012
 168 G C   0.997  0.001  0.003
 169 P C   0.990  0.009  0.001
 170 D C   0.987  0.012  0.000
 171 S C   0.958  0.040  0.002
 172 A C   0.923  0.069  0.008
 173 T C   0.900  0.081  0.019
 174 S C   0.859  0.109  0.032
 175 L C   0.800  0.164  0.037
 176 F C   0.780  0.145  0.075
 177 E C   0.847  0.073  0.079
 178 L C   0.989  0.002  0.009
 179 P C   0.990  0.008  0.003
 180 D C   0.941  0.058  0.001
 181 S C   0.925  0.059  0.016
 182 V C   0.925  0.046  0.029
 183 I C   0.959  0.001  0.040
 184 P C   0.979  0.000  0.021
 185 T C   0.996  0.000  0.004
 186 P C   0.998  0.000  0.001
 187 K C   0.999  0.000  0.001
 188 P C   0.999  0.000  0.001
 189 K C   0.999  0.000  0.000
 190 P C   0.981  0.019  0.000
 191 K C   0.968  0.030  0.002
 192 Q C   0.969  0.028  0.004
 193 Y C   0.996  0.001  0.003
 194 P C   0.997  0.001  0.002
 195 K C   0.878  0.003  0.119
 196 V C   0.731  0.004  0.265
 197 I C   0.725  0.002  0.273
 198 L C   0.910  0.001  0.089
 199 P C   0.972  0.002  0.026
 200 S C   0.990  0.006  0.005
 201 N C   0.988  0.010  0.002
 202 N C   0.983  0.011  0.005
 203 T C   0.941  0.006  0.052
 204 R C   0.879  0.004  0.117
 205 R C   0.870  0.003  0.128
 206 V C   0.877  0.001  0.123
 207 S C   0.946  0.000  0.053
 208 P C   0.970  0.016  0.014
 209 A C   0.968  0.019  0.012
 210 T C   0.943  0.020  0.038
 211 T C   0.938  0.015  0.047
 212 K C   0.941  0.008  0.051
 213 T C   0.948  0.005  0.047
 214 N C   0.947  0.004  0.049
 215 S C   0.970  0.006  0.025
 216 S C   0.968  0.011  0.021
 217 E C   0.963  0.012  0.025
 218 G C   0.952  0.007  0.041
 219 V C   0.807  0.005  0.189
 220 V C   0.687  0.005  0.308
 221 V C   0.685  0.006  0.309
 222 A C   0.798  0.007  0.195
 223 S C   0.869  0.005  0.126
 224 E C   0.951  0.003  0.047
 225 S C   0.985  0.000  0.014
 226 P C   0.985  0.003  0.012
 227 V C   0.895  0.003  0.103
 228 I C   0.905  0.003  0.092
 229 A C   0.956  0.004  0.040
 230 P C   0.982  0.008  0.010
 231 H C   0.985  0.009  0.006
 232 G C   0.974  0.014  0.012
 233 L C   0.959  0.022  0.019
 234 S C   0.958  0.021  0.021
 235 N C   0.964  0.018  0.017
 236 S C   0.964  0.021  0.015
 237 R C   0.932  0.039  0.029
 238 S C   0.924  0.043  0.033
 239 L C   0.920  0.040  0.040
 240 T C   0.927  0.030  0.043
 241 K C   0.919  0.021  0.060
 242 R C   0.922  0.021  0.057
 243 R C   0.944  0.029  0.027
 244 S C   0.960  0.026  0.015
 245 S C   0.969  0.020  0.011
 246 G C   0.977  0.012  0.011
 247 A C   0.971  0.014  0.015
 248 L C   0.956  0.014  0.030
 249 V C   0.958  0.015  0.026
 250 D C   0.963  0.027  0.010
 251 D C   0.898  0.100  0.002
 252 D C   0.855  0.144  0.001
 253 K C   0.776  0.223  0.001
 254 R C   0.728  0.270  0.002
 255 E C   0.617  0.379  0.004
 256 S C   0.562  0.435  0.003
 257 H H   0.395  0.604  0.001
 258 K H   0.357  0.642  0.001
 259 H H   0.314  0.685  0.000
 260 A H   0.152  0.848  0.000
 261 E H   0.126  0.874  0.000
 262 Q H   0.048  0.952  0.000
 263 A H   0.052  0.948  0.000
 264 R H   0.059  0.941  0.000
 265 R H   0.074  0.926  0.000
 266 N H   0.121  0.878  0.000
 267 R H   0.062  0.937  0.000
 268 L H   0.026  0.973  0.002
 269 A H   0.020  0.978  0.002
 270 V H   0.017  0.981  0.002
 271 A H   0.018  0.980  0.002
 272 L H   0.016  0.983  0.001
 273 H H   0.028  0.972  0.001
 274 E H   0.044  0.956  0.000
 275 L H   0.048  0.952  0.000
 276 S H   0.088  0.912  0.000
 277 S H   0.310  0.689  0.001
 278 L C   0.593  0.406  0.001
 279 I C   0.965  0.033  0.001
 280 P C   0.900  0.099  0.001
 281 A H   0.214  0.784  0.002
 282 E H   0.188  0.806  0.006
 283 W H   0.139  0.856  0.005
 284 K H   0.260  0.730  0.010
 285 Q H   0.438  0.552  0.010
 286 Q C   0.790  0.201  0.008
 287 N C   0.874  0.113  0.012
 288 V C   0.886  0.093  0.021
 289 S C   0.897  0.077  0.026
 290 A C   0.922  0.057  0.021
 291 A C   0.971  0.025  0.004
 292 P C   0.909  0.088  0.002
 293 S C   0.887  0.111  0.003
 294 K C   0.600  0.390  0.010
 295 A C   0.600  0.386  0.014
 296 T H   0.467  0.512  0.021
 297 T H   0.304  0.686  0.010
 298 V H   0.043  0.953  0.004
 299 E H   0.033  0.965  0.003
 300 A H   0.028  0.970  0.003
 301 A H   0.030  0.969  0.002
 302 C H   0.035  0.964  0.001
 303 R H   0.025  0.974  0.002
 304 Y H   0.022  0.976  0.002
 305 I H   0.031  0.967  0.002
 306 R H   0.041  0.957  0.002
 307 H H   0.061  0.937  0.001
 308 L H   0.108  0.891  0.001
 309 Q H   0.154  0.845  0.001
 310 Q H   0.215  0.784  0.000
 311 N C   0.788  0.212  0.000
 312 G C   0.994  0.006  0.000
 313 S C   0.999  0.001  0.000
 314 T C   0.999  0.001  0.000
 315 * C   0.995  0.004  0.001
